Theta [deg.]  Phi   [deg.]  Abs(Dir.)[dBi   ]   Abs(Theta)[dBi   ]  Phase(Theta)[deg.]  Abs(Phi  )[dBi   ]  Phase(Phi  )[deg.]  Ax.Ratio[dB    ]    
------------------------------------------------------------------------------------------------------------------------------------------------------
   0.000           0.000            6.341e+00          -2.348e+01              50.505           6.337e+00              56.016           4.000e+01     
   1.000           0.000            6.339e+00          -2.297e+01              50.430           6.334e+00              61.020           4.000e+01     
   2.000           0.000            6.335e+00          -2.256e+01              50.568           6.329e+00              66.030           4.000e+01     
   3.000           0.000            6.328e+00          -2.225e+01              50.900           6.322e+00              71.045           3.784e+01     
   4.000           0.000            6.320e+00          -2.203e+01              51.416           6.313e+00              76.060           3.595e+01     
   5.000           0.000            6.309e+00          -2.189e+01              52.115           6.302e+00              81.075           3.450e+01     
   6.000           0.000            6.296e+00          -2.184e+01              53.001           6.289e+00              86.088           3.340e+01     
   7.000           0.000            6.281e+00          -2.187e+01              54.085           6.274e+00              91.096           3.256e+01     
   8.000           0.000            6.264e+00          -2.198e+01              55.387           6.258e+00              96.097           3.196e+01     
   9.000           0.000            6.246e+00          -2.217e+01              56.936           6.240e+00             101.088           3.156e+01     
  10.000           0.000            6.226e+00          -2.245e+01              58.770           6.220e+00             106.067           3.135e+01     
  11.000           0.000            6.204e+00          -2.280e+01              60.943           6.198e+00             111.030           3.131e+01     
  12.000           0.000            6.180e+00          -2.325e+01              63.525           6.175e+00             115.977           3.144e+01     
  13.000           0.000            6.155e+00          -2.377e+01              66.612           6.150e+00             120.906           3.173e+01     
  14.000           0.000            6.128e+00          -2.438e+01              70.330           6.124e+00             125.812           3.219e+01     
  15.000           0.000            6.098e+00          -2.507e+01              74.848           6.095e+00             130.695           3.281e+01     
  16.000           0.000            6.067e+00          -2.583e+01              80.376           6.065e+00             135.553           3.361e+01     
  17.000           0.000            6.035e+00          -2.662e+01              87.168           6.032e+00             140.384           3.458e+01     
  18.000           0.000            6.000e+00          -2.739e+01              95.478           5.998e+00             145.185           3.575e+01     
  19.000           0.000            5.963e+00          -2.807e+01             105.453           5.961e+00             149.957           3.712e+01     
  20.000           0.000            5.924e+00          -2.854e+01             116.946           5.922e+00             154.696           3.872e+01     
  21.000           0.000            5.882e+00          -2.869e+01             129.343           5.881e+00             159.401           4.000e+01     
  22.000           0.000            5.839e+00          -2.849e+01             141.678           5.837e+00             164.073           4.000e+01     
  23.000           0.000            5.793e+00          -2.799e+01             153.017           5.792e+00             168.709           4.000e+01     
  24.000           0.000            5.746e+00          -2.729e+01             162.841           5.744e+00             173.307           4.000e+01     
  25.000           0.000            5.696e+00          -2.651e+01             171.073           5.693e+00             177.868           4.000e+01     
  26.000           0.000            5.644e+00          -2.572e+01             177.895           5.641e+00             182.388           4.000e+01     
  27.000           0.000            5.589e+00          -2.497e+01             183.567           5.586e+00             186.868           4.000e+01     
  28.000           0.000            5.533e+00          -2.428e+01             188.338           5.529e+00             191.305           4.000e+01     
  29.000           0.000            5.475e+00          -2.365e+01             192.416           5.469e+00             195.697           4.000e+01     
  30.000           0.000            5.414e+00          -2.309e+01             195.963           5.408e+00             200.044           4.000e+01     
  31.000           0.000            5.352e+00          -2.261e+01             199.103           5.345e+00             204.344           4.000e+01     
  32.000           0.000            5.287e+00          -2.219e+01             201.929           5.279e+00             208.593           4.000e+01     
  33.000           0.000            5.220e+00          -2.183e+01             204.520           5.212e+00             212.792           4.000e+01     
  34.000           0.000            5.151e+00          -2.154e+01             206.930           5.142e+00             216.939           4.000e+01     
  35.000           0.000            5.080e+00          -2.129e+01             209.203           5.070e+00             221.030           4.000e+01     
  36.000           0.000            5.007e+00          -2.110e+01             211.378           4.996e+00             225.066           3.864e+01     
  37.000           0.000            4.932e+00          -2.096e+01             213.482           4.920e+00             229.043           3.733e+01     
  38.000           0.000            4.854e+00          -2.086e+01             215.542           4.842e+00             232.960           3.620e+01     
  39.000           0.000            4.774e+00          -2.080e+01             217.578           4.762e+00             236.816           3.522e+01     
  40.000           0.000            4.691e+00          -2.078e+01             219.609           4.679e+00             240.608           3.439e+01     
  41.000           0.000            4.606e+00          -2.079e+01             221.650           4.594e+00             244.336           3.368e+01     
  42.000           0.000            4.518e+00          -2.084e+01             223.717           4.506e+00             247.999           3.308e+01     
  43.000           0.000            4.428e+00          -2.092e+01             225.823           4.415e+00             251.594           3.259e+01     
  44.000           0.000            4.334e+00          -2.102e+01             227.980           4.322e+00             255.122           3.218e+01     
  45.000           0.000            4.238e+00          -2.115e+01             230.197           4.225e+00             258.580           3.185e+01     
  46.000           0.000            4.138e+00          -2.130e+01             232.487           4.126e+00             261.970           3.160e+01     
  47.000           0.000            4.035e+00          -2.147e+01             234.857           4.023e+00             265.290           3.142e+01     
  48.000           0.000            3.929e+00          -2.166e+01             237.316           3.917e+00             268.540           3.130e+01     
  49.000           0.000            3.819e+00          -2.186e+01             239.868           3.807e+00             271.720           3.123e+01     
  50.000           0.000            3.706e+00          -2.206e+01             242.518           3.695e+00             274.829           3.122e+01     
  51.000           0.000            3.590e+00          -2.228e+01             245.268           3.578e+00             277.867           3.125e+01     
  52.000           0.000            3.469e+00          -2.249e+01             248.116           3.458e+00             280.835           3.131e+01     
  53.000           0.000            3.346e+00          -2.271e+01             251.059           3.335e+00             283.732           3.141e+01     
  54.000           0.000            3.219e+00          -2.292e+01             254.088           3.208e+00             286.559           3.154e+01     
  55.000           0.000            3.088e+00          -2.312e+01             257.192           3.077e+00             289.316           3.169e+01     
  56.000           0.000            2.953e+00          -2.330e+01             260.356           2.943e+00             292.004           3.186e+01     
  57.000           0.000            2.816e+00          -2.347e+01             263.560           2.805e+00             294.622           3.204e+01     
  58.000           0.000            2.674e+00          -2.363e+01             266.782           2.664e+00             297.171           3.222e+01     
  59.000           0.000            2.530e+00          -2.376e+01             269.997           2.520e+00             299.652           3.240e+01     
  60.000           0.000            2.382e+00          -2.387e+01             273.180           2.372e+00             302.065           3.257e+01     
  61.000           0.000            2.231e+00          -2.395e+01             276.300           2.220e+00             304.408           3.273e+01     
  62.000           0.000            2.077e+00          -2.402e+01             279.337           2.066e+00             306.685           3.286e+01     
  63.000           0.000            1.920e+00          -2.406e+01             282.264           1.909e+00             308.896           3.296e+01     
  64.000           0.000            1.760e+00          -2.408e+01             285.061           1.749e+00             311.039           3.302e+01     
  65.000           0.000            1.597e+00          -2.409e+01             287.709           1.586e+00             313.116           3.304e+01     
  66.000           0.000            1.432e+00          -2.408e+01             290.193           1.420e+00             315.127           3.302e+01     
  67.000           0.000            1.265e+00          -2.405e+01             292.505           1.252e+00             317.072           3.295e+01     
  68.000           0.000            1.095e+00          -2.402e+01             294.635           1.082e+00             318.952           3.283e+01     
  69.000           0.000            9.231e-01          -2.397e+01             296.580           9.090e-01             320.766           3.265e+01     
  70.000           0.000            7.495e-01          -2.391e+01             298.340           7.346e-01             322.514           3.243e+01     
  71.000           0.000            5.740e-01          -2.385e+01             299.914           5.583e-01             324.198           3.215e+01     
  72.000           0.000            3.971e-01          -2.378e+01             301.307           3.804e-01             325.817           3.183e+01     
  73.000           0.000            2.187e-01          -2.371e+01             302.521           2.011e-01             327.371           3.147e+01     
  74.000           0.000            3.906e-02          -2.364e+01             303.562           2.042e-02             328.860           3.108e+01     
  75.000           0.000           -1.416e-01          -2.357e+01             304.437          -1.614e-01             330.284           3.065e+01     
  76.000           0.000           -3.232e-01          -2.349e+01             305.151          -3.441e-01             331.644           3.019e+01     
  77.000           0.000           -5.055e-01          -2.342e+01             305.712          -5.277e-01             332.940           2.972e+01     
  78.000           0.000           -6.883e-01          -2.334e+01             306.125          -7.119e-01             334.171           2.922e+01     
  79.000           0.000           -8.716e-01          -2.327e+01             306.399          -8.966e-01             335.338           2.871e+01     
  80.000           0.000           -1.055e+00          -2.319e+01             306.540          -1.082e+00             336.441           2.820e+01     
  81.000           0.000           -1.239e+00          -2.311e+01             306.556          -1.267e+00             337.479           2.767e+01     
  82.000           0.000           -1.422e+00          -2.304e+01             306.452          -1.452e+00             338.454           2.715e+01     
  83.000           0.000           -1.606e+00          -2.296e+01             306.236          -1.637e+00             339.364           2.662e+01     
  84.000           0.000           -1.789e+00          -2.289e+01             305.914          -1.822e+00             340.211           2.609e+01     
  85.000           0.000           -1.971e+00          -2.281e+01             305.493          -2.007e+00             340.994           2.557e+01     
  86.000           0.000           -2.153e+00          -2.273e+01             304.980          -2.191e+00             341.714           2.506e+01     
  87.000           0.000           -2.334e+00          -2.265e+01             304.380          -2.375e+00             342.370           2.455e+01     
  88.000           0.000           -2.514e+00          -2.258e+01             303.700          -2.557e+00             342.963           2.404e+01     
  89.000           0.000           -2.694e+00          -2.250e+01             302.946          -2.739e+00             343.493           2.355e+01     
  90.000           0.000           -2.872e+00          -2.242e+01             302.124          -2.920e+00             343.960           2.307e+01     
  91.000           0.000           -3.049e+00          -2.234e+01             301.239          -3.100e+00             344.365           2.260e+01     
  92.000           0.000           -3.225e+00          -2.226e+01             300.297          -3.279e+00             344.706           2.214e+01     
  93.000           0.000           -3.399e+00          -2.218e+01             299.302          -3.457e+00             344.985           2.169e+01     
  94.000           0.000           -3.572e+00          -2.210e+01             298.260          -3.633e+00             345.202           2.125e+01     
  95.000           0.000           -3.744e+00          -2.203e+01             297.175          -3.808e+00             345.357           2.083e+01     
  96.000           0.000           -3.913e+00          -2.195e+01             296.052          -3.982e+00             345.450           2.042e+01     
  97.000           0.000           -4.081e+00          -2.188e+01             294.893          -4.154e+00             345.480           2.003e+01     
  98.000           0.000           -4.248e+00          -2.181e+01             293.703          -4.325e+00             345.449           1.964e+01     
  99.000           0.000           -4.412e+00          -2.174e+01             292.484          -4.493e+00             345.355           1.928e+01     
 100.000           0.000           -4.575e+00          -2.168e+01             291.239          -4.660e+00             345.199           1.893e+01     
 101.000           0.000           -4.736e+00          -2.163e+01             289.969          -4.826e+00             344.981           1.859e+01     
 102.000           0.000           -4.895e+00          -2.158e+01             288.677          -4.989e+00             344.699           1.828e+01     
 103.000           0.000           -5.052e+00          -2.154e+01             287.363          -5.151e+00             344.355           1.798e+01     
 104.000           0.000           -5.207e+00          -2.151e+01             286.027          -5.310e+00             343.947           1.769e+01     
 105.000           0.000           -5.361e+00          -2.148e+01             284.670          -5.468e+00             343.474           1.743e+01     
 106.000           0.000           -5.512e+00          -2.147e+01             283.291          -5.623e+00             342.936           1.719e+01     
 107.000           0.000           -5.661e+00          -2.147e+01             281.887          -5.777e+00             342.332           1.697e+01     
 108.000           0.000           -5.809e+00          -2.149e+01             280.457          -5.928e+00             341.661           1.677e+01     
 109.000           0.000           -5.954e+00          -2.152e+01             278.998          -6.076e+00             340.921           1.659e+01     
 110.000           0.000           -6.097e+00          -2.157e+01             277.505          -6.222e+00             340.112           1.643e+01     
 111.000           0.000           -6.239e+00          -2.163e+01             275.975          -6.366e+00             339.231           1.630e+01     
 112.000           0.000           -6.378e+00          -2.172e+01             274.399          -6.507e+00             338.276           1.620e+01     
 113.000           0.000           -6.515e+00          -2.183e+01             272.772          -6.645e+00             337.247           1.612e+01     
 114.000           0.000           -6.650e+00          -2.196e+01             271.084          -6.780e+00             336.140           1.608e+01     
 115.000           0.000           -6.783e+00          -2.212e+01             269.323          -6.912e+00             334.954           1.606e+01     
 116.000           0.000           -6.913e+00          -2.231e+01             267.476          -7.040e+00             333.686           1.608e+01     
 117.000           0.000           -7.040e+00          -2.253e+01             265.526          -7.164e+00             332.335           1.613e+01     
 118.000           0.000           -7.164e+00          -2.278e+01             263.452          -7.285e+00             330.897           1.622e+01     
 119.000           0.000           -7.285e+00          -2.307e+01             261.230          -7.401e+00             329.371           1.635e+01     
 120.000           0.000           -7.402e+00          -2.340e+01             258.827          -7.512e+00             327.756           1.651e+01     
 121.000           0.000           -7.514e+00          -2.377e+01             256.203          -7.619e+00             326.047           1.672e+01     
 122.000           0.000           -7.622e+00          -2.418e+01             253.309          -7.719e+00             324.243           1.697e+01     
 123.000           0.000           -7.725e+00          -2.464e+01             250.080          -7.814e+00             322.344           1.727e+01     
 124.000           0.000           -7.821e+00          -2.515e+01             246.438          -7.902e+00             320.348           1.761e+01     
 125.000           0.000           -7.911e+00          -2.571e+01             242.281          -7.984e+00             318.254           1.800e+01     
 126.000           0.000           -7.993e+00          -2.631e+01             237.483          -8.057e+00             316.062           1.843e+01     
 127.000           0.000           -8.066e+00          -2.694e+01             231.895          -8.123e+00             313.774           1.891e+01     
 128.000           0.000           -8.131e+00          -2.758e+01             225.348          -8.180e+00             311.390           1.942e+01     
 129.000           0.000           -8.185e+00          -2.820e+01             217.688          -8.229e+00             308.912           1.997e+01     
 130.000           0.000           -8.229e+00          -2.873e+01             208.823          -8.268e+00             306.343           2.054e+01     
 131.000           0.000           -8.261e+00          -2.912e+01             198.826          -8.297e+00             303.686           2.113e+01     
 132.000           0.000           -8.282e+00          -2.930e+01             188.017          -8.317e+00             300.946           2.170e+01     
 133.000           0.000           -8.291e+00          -2.921e+01             176.959          -8.327e+00             298.128           2.226e+01     
 134.000           0.000           -8.289e+00          -2.887e+01             166.303          -8.327e+00             295.236           2.276e+01     
 135.000           0.000           -8.274e+00          -2.833e+01             156.563          -8.317e+00             292.276           2.318e+01     
 136.000           0.000           -8.249e+00          -2.767e+01             147.998          -8.299e+00             289.255           2.350e+01     
 137.000           0.000           -8.213e+00          -2.695e+01             140.626          -8.272e+00             286.177           2.370e+01     
 138.000           0.000           -8.168e+00          -2.622e+01             134.338          -8.237e+00             283.048           2.377e+01     
 139.000           0.000           -8.115e+00          -2.551e+01             128.969          -8.195e+00             279.873           2.370e+01     
 140.000           0.000           -8.055e+00          -2.486e+01             124.353          -8.147e+00             276.656           2.351e+01     
 141.000           0.000           -7.990e+00          -2.426e+01             120.342          -8.094e+00             273.401           2.321e+01     
 142.000           0.000           -7.922e+00          -2.372e+01             116.816          -8.037e+00             270.112           2.282e+01     
 143.000           0.000           -7.852e+00          -2.326e+01             113.675          -7.979e+00             266.789           2.237e+01     
 144.000           0.000           -7.782e+00          -2.285e+01             110.841          -7.919e+00             263.433           2.189e+01     
 145.000           0.000           -7.713e+00          -2.252e+01             108.248          -7.859e+00             260.044           2.140e+01     
 146.000           0.000           -7.648e+00          -2.225e+01             105.845          -7.802e+00             256.621           2.091e+01     
 147.000           0.000           -7.588e+00          -2.205e+01             103.587          -7.747e+00             253.159           2.045e+01     
 148.000           0.000           -7.534e+00          -2.192e+01             101.436          -7.695e+00             249.656           2.003e+01     
 149.000           0.000           -7.488e+00          -2.186e+01              99.358          -7.650e+00             246.108           1.966e+01     
 150.000           0.000           -7.450e+00          -2.187e+01              97.319          -7.609e+00             242.507           1.935e+01     
 151.000           0.000           -7.420e+00          -2.195e+01              95.289          -7.576e+00             238.847           1.910e+01     
 152.000           0.000           -7.400e+00          -2.211e+01              93.233          -7.550e+00             235.121           1.894e+01     
 153.000           0.000           -7.390e+00          -2.235e+01              91.113          -7.531e+00             231.322           1.886e+01     
 154.000           0.000           -7.389e+00          -2.267e+01              88.885          -7.519e+00             227.442           1.889e+01     
 155.000           0.000           -7.396e+00          -2.309e+01              86.491          -7.515e+00             223.472           1.903e+01     
 156.000           0.000           -7.412e+00          -2.361e+01              83.858          -7.518e+00             219.404           1.929e+01     
 157.000           0.000           -7.435e+00          -2.424e+01              80.888          -7.526e+00             215.232           1.971e+01     
 158.000           0.000           -7.462e+00          -2.499e+01              77.438          -7.540e+00             210.949           2.031e+01     
 159.000           0.000           -7.493e+00          -2.588e+01              73.302          -7.557e+00             206.550           2.113e+01     
 160.000           0.000           -7.526e+00          -2.691e+01              68.170          -7.576e+00             202.033           2.222e+01     
 161.000           0.000           -7.557e+00          -2.809e+01              61.565          -7.596e+00             197.393           2.367e+01     
 162.000           0.000           -7.585e+00          -2.940e+01              52.779          -7.613e+00             192.634           2.563e+01     
 163.000           0.000           -7.606e+00          -3.071e+01              40.881          -7.627e+00             187.759           2.837e+01     
 164.000           0.000           -7.618e+00          -3.179e+01              25.143          -7.635e+00             182.777           3.258e+01     
 165.000           0.000           -7.620e+00          -3.223e+01               6.338          -7.635e+00             177.697           4.000e+01     
 166.000           0.000           -7.609e+00          -3.181e+01             347.554          -7.626e+00             172.533           4.000e+01     
 167.000           0.000           -7.585e+00          -3.075e+01             331.883          -7.606e+00             167.303           3.469e+01     
 168.000           0.000           -7.546e+00          -2.945e+01             320.098          -7.574e+00             162.023           3.048e+01     
 169.000           0.000           -7.494e+00          -2.817e+01             311.473          -7.531e+00             156.714           2.811e+01     
 170.000           0.000           -7.429e+00          -2.702e+01             305.080          -7.477e+00             151.397           2.669e+01     
 171.000           0.000           -7.353e+00          -2.602e+01             300.206          -7.412e+00             146.088           2.591e+01     
 172.000           0.000           -7.268e+00          -2.518e+01             296.382          -7.338e+00             140.806           2.563e+01     
 173.000           0.000           -7.177e+00          -2.447e+01             293.300          -7.258e+00             135.565           2.579e+01     
 174.000           0.000           -7.083e+00          -2.391e+01             290.756          -7.174e+00             130.377           2.637e+01     
 175.000           0.000           -6.989e+00          -2.346e+01             288.613          -7.088e+00             125.250           2.742e+01     
 176.000           0.000           -6.897e+00          -2.313e+01             286.776          -7.002e+00             120.187           2.902e+01     
 177.000           0.000           -6.812e+00          -2.291e+01             285.176          -6.920e+00             115.190           3.139e+01     
 178.000           0.000           -6.735e+00          -2.280e+01             283.765          -6.844e+00             110.257           3.510e+01     
 179.000           0.000           -6.668e+00          -2.279e+01             282.505          -6.775e+00             105.382           4.000e+01     
 180.000           0.000           -6.613e+00          -2.288e+01             281.367          -6.717e+00             100.559           4.000e+01     
 179.000         180.000           -6.572e+00          -2.309e+01             100.328          -6.670e+00             275.775           3.862e+01     
 178.000         180.000           -6.546e+00          -2.341e+01              99.371          -6.636e+00             271.021           3.371e+01     
 177.000         180.000           -6.534e+00          -2.385e+01              98.477          -6.616e+00             266.286           3.089e+01     
 176.000         180.000           -6.538e+00          -2.442e+01              97.631          -6.609e+00             261.556           2.909e+01     
 175.000         180.000           -6.556e+00          -2.514e+01              96.816          -6.617e+00             256.818           2.795e+01     
 174.000         180.000           -6.589e+00          -2.605e+01              96.011          -6.638e+00             252.060           2.732e+01     
 173.000         180.000           -6.634e+00          -2.717e+01              95.186          -6.672e+00             247.269           2.715e+01     
 172.000         180.000           -6.690e+00          -2.858e+01              94.294          -6.718e+00             242.435           2.745e+01     
 171.000         180.000           -6.755e+00          -3.037e+01              93.244          -6.774e+00             237.547           2.830e+01     
 170.000         180.000           -6.827e+00          -3.274e+01              91.834          -6.838e+00             232.599           2.990e+01     
 169.000         180.000           -6.902e+00          -3.613e+01              89.446          -6.907e+00             227.586           3.274e+01     
 168.000         180.000           -6.979e+00          -4.184e+01              83.283          -6.980e+00             222.505           3.856e+01     
 167.000         180.000           -7.054e+00          -5.532e+01              14.505          -7.054e+00             217.359           4.000e+01     
 166.000         180.000           -7.124e+00          -4.253e+01             287.901          -7.125e+00             212.153           3.568e+01     
 165.000         180.000           -7.187e+00          -3.661e+01             281.210          -7.192e+00             206.899           2.975e+01     
 164.000         180.000           -7.241e+00          -3.320e+01             278.926          -7.252e+00             201.608           2.616e+01     
 163.000         180.000           -7.284e+00          -3.085e+01             277.780          -7.303e+00             196.300           2.365e+01     
 162.000         180.000           -7.315e+00          -2.911e+01             277.117          -7.344e+00             190.993           2.179e+01     
 161.000         180.000           -7.335e+00          -2.776e+01             276.725          -7.374e+00             185.711           2.039e+01     
 160.000         180.000           -7.343e+00          -2.669e+01             276.515          -7.394e+00             180.477           1.935e+01     
 159.000         180.000           -7.342e+00          -2.585e+01             276.454          -7.403e+00             175.313           1.862e+01     
 158.000         180.000           -7.332e+00          -2.518e+01             276.508          -7.404e+00             170.240           1.814e+01     
 157.000         180.000           -7.318e+00          -2.466e+01             276.679          -7.398e+00             165.276           1.790e+01     
 156.000         180.000           -7.301e+00          -2.427e+01             276.965          -7.389e+00             160.438           1.788e+01     
 155.000         180.000           -7.284e+00          -2.399e+01             277.374          -7.378e+00             155.736           1.806e+01     
 154.000         180.000           -7.272e+00          -2.382e+01             277.915          -7.369e+00             151.180           1.844e+01     
 153.000         180.000           -7.266e+00          -2.374e+01             278.606          -7.365e+00             146.772           1.902e+01     
 152.000         180.000           -7.270e+00          -2.376e+01             279.468          -7.369e+00             142.515           1.982e+01     
 151.000         180.000           -7.287e+00          -2.387e+01             280.531          -7.383e+00             138.406           2.085e+01     
 150.000         180.000           -7.319e+00          -2.407e+01             281.831          -7.412e+00             134.440           2.217e+01     
 149.000         180.000           -7.368e+00          -2.436e+01             283.420          -7.456e+00             130.611           2.385e+01     
 148.000         180.000           -7.436e+00          -2.474e+01             285.367          -7.518e+00             126.912           2.606e+01     
 147.000         180.000           -7.526e+00          -2.520e+01             287.749          -7.601e+00             123.331           2.915e+01     
 146.000         180.000           -7.638e+00          -2.575e+01             290.686          -7.706e+00             119.859           3.412e+01     
 145.000         180.000           -7.774e+00          -2.637e+01             294.325          -7.835e+00             116.484           4.000e+01     
 144.000         180.000           -7.936e+00          -2.707e+01             298.860          -7.990e+00             113.195           3.930e+01     
 143.000         180.000           -8.125e+00          -2.782e+01             304.528          -8.172e+00             109.979           3.174e+01     
 142.000         180.000           -8.341e+00          -2.858e+01             311.587          -8.382e+00             106.822           2.783e+01     
 141.000         180.000           -8.586e+00          -2.928e+01             320.243          -8.623e+00             103.709           2.521e+01     
 140.000         180.000           -8.861e+00          -2.981e+01             330.499          -8.896e+00             100.624           2.328e+01     
 139.000         180.000           -9.166e+00          -3.007e+01             341.954          -9.201e+00              97.550           2.178e+01     
 138.000         180.000           -9.502e+00          -2.998e+01             353.766          -9.541e+00              94.468           2.059e+01     
 137.000         180.000           -9.870e+00          -2.956e+01               4.938          -9.917e+00              91.356           1.966e+01     
 136.000         180.000           -1.027e+01          -2.889e+01              14.760          -1.033e+01              88.187           1.894e+01     
 135.000         180.000           -1.070e+01          -2.809e+01              22.976          -1.078e+01              84.934           1.843e+01     
 134.000         180.000           -1.117e+01          -2.725e+01              29.690          -1.128e+01              81.558           1.815e+01     
 133.000         180.000           -1.167e+01          -2.643e+01              35.134          -1.181e+01              78.018           1.812e+01     
 132.000         180.000           -1.219e+01          -2.564e+01              39.564          -1.239e+01              74.261           1.842e+01     
 131.000         180.000           -1.274e+01          -2.492e+01              43.204          -1.302e+01              70.220           1.920e+01     
 130.000         180.000           -1.332e+01          -2.427e+01              46.235          -1.368e+01              65.817           2.073e+01     
 129.000         180.000           -1.391e+01          -2.368e+01              48.794          -1.439e+01              60.949           2.375e+01     
 128.000         180.000           -1.449e+01          -2.315e+01              50.987          -1.513e+01              55.499           3.137e+01     
 127.000         180.000           -1.506e+01          -2.268e+01              52.897          -1.589e+01              49.325           3.255e+01     
 126.000         180.000           -1.559e+01          -2.226e+01              54.584          -1.664e+01              42.283           2.109e+01     
 125.000         180.000           -1.605e+01          -2.190e+01              56.098          -1.735e+01              34.246           1.550e+01     
 124.000         180.000           -1.640e+01          -2.158e+01              57.478          -1.797e+01              25.167           1.161e+01     
 123.000         180.000           -1.663e+01          -2.131e+01              58.755          -1.843e+01              15.153           8.589e+00     
 122.000         180.000           -1.670e+01          -2.107e+01              59.954          -1.868e+01               4.527           6.145e+00     
 121.000         180.000           -1.663e+01          -2.088e+01              61.097          -1.868e+01             353.805           4.196e+00     
 120.000         180.000           -1.642e+01          -2.072e+01              62.203          -1.844e+01             343.551           2.875e+00     
 119.000         180.000           -1.610e+01          -2.059e+01              63.286          -1.800e+01             334.214           2.591e+00     
 118.000         180.000           -1.569e+01          -2.049e+01              64.361          -1.744e+01             325.998           3.318e+00     
 117.000         180.000           -1.524e+01          -2.043e+01              65.441          -1.681e+01             318.939           4.461e+00     
 116.000         180.000           -1.476e+01          -2.038e+01              66.538          -1.614e+01             312.948           5.708e+00     
 115.000         180.000           -1.426e+01          -2.037e+01              67.663          -1.548e+01             307.886           6.964e+00     
 114.000         180.000           -1.377e+01          -2.037e+01              68.826          -1.485e+01             303.609           8.206e+00     
 113.000         180.000           -1.330e+01          -2.040e+01              70.038          -1.424e+01             299.989           9.431e+00     
 112.000         180.000           -1.284e+01          -2.045e+01              71.309          -1.366e+01             296.917           1.064e+01     
 111.000         180.000           -1.240e+01          -2.052e+01              72.649          -1.312e+01             294.305           1.185e+01     
 110.000         180.000           -1.198e+01          -2.061e+01              74.070          -1.262e+01             292.084           1.306e+01     
 109.000         180.000           -1.158e+01          -2.071e+01              75.582          -1.214e+01             290.197           1.429e+01     
 108.000         180.000           -1.120e+01          -2.082e+01              77.194          -1.170e+01             288.601           1.554e+01     
 107.000         180.000           -1.084e+01          -2.094e+01              78.919          -1.129e+01             287.260           1.684e+01     
 106.000         180.000           -1.050e+01          -2.108e+01              80.765          -1.090e+01             286.146           1.820e+01     
 105.000         180.000           -1.018e+01          -2.122e+01              82.745          -1.054e+01             285.237           1.965e+01     
 104.000         180.000           -9.880e+00          -2.137e+01              84.867          -1.020e+01             284.514           2.121e+01     
 103.000         180.000           -9.591e+00          -2.152e+01              87.140          -9.879e+00             283.964           2.294e+01     
 102.000         180.000           -9.315e+00          -2.167e+01              89.571          -9.576e+00             283.574           2.491e+01     
 101.000         180.000           -9.053e+00          -2.181e+01              92.166          -9.289e+00             283.333           2.723e+01     
 100.000         180.000           -8.801e+00          -2.194e+01              94.926          -9.017e+00             283.235           3.015e+01     
  99.000         180.000           -8.560e+00          -2.206e+01              97.851          -8.758e+00             283.272           3.419e+01     
  98.000         180.000           -8.328e+00          -2.217e+01             100.934          -8.511e+00             283.439           4.000e+01     
  97.000         180.000           -8.104e+00          -2.225e+01             104.166          -8.274e+00             283.730           4.000e+01     
  96.000         180.000           -7.887e+00          -2.231e+01             107.530          -8.047e+00             284.142           3.915e+01     
  95.000         180.000           -7.676e+00          -2.234e+01             111.004          -7.827e+00             284.672           3.396e+01     
  94.000         180.000           -7.470e+00          -2.233e+01             114.562          -7.614e+00             285.316           3.088e+01     
  93.000         180.000           -7.268e+00          -2.230e+01             118.173          -7.407e+00             286.071           2.873e+01     
  92.000         180.000           -7.070e+00          -2.223e+01             121.805          -7.204e+00             286.935           2.709e+01     
  91.000         180.000           -6.874e+00          -2.212e+01             125.422          -7.006e+00             287.905           2.578e+01     
  90.000         180.000           -6.681e+00          -2.198e+01             128.991          -6.811e+00             288.980           2.471e+01     
  89.000         180.000           -6.488e+00          -2.181e+01             132.481          -6.618e+00             290.157           2.382e+01     
  88.000         180.000           -6.297e+00          -2.160e+01             135.866          -6.427e+00             291.433           2.306e+01     
  87.000         180.000           -6.105e+00          -2.137e+01             139.124          -6.236e+00             292.807           2.241e+01     
  86.000         180.000           -5.913e+00          -2.112e+01             142.238          -6.045e+00             294.276           2.186e+01     
  85.000         180.000           -5.719e+00          -2.085e+01             145.196          -5.854e+00             295.838           2.140e+01     
  84.000         180.000           -5.524e+00          -2.057e+01             147.993          -5.662e+00             297.490           2.100e+01     
  83.000         180.000           -5.327e+00          -2.027e+01             150.626          -5.468e+00             299.230           2.067e+01     
  82.000         180.000           -5.128e+00          -1.997e+01             153.096          -5.272e+00             301.054           2.041e+01     
  81.000         180.000           -4.925e+00          -1.966e+01             155.407          -5.074e+00             302.960           2.021e+01     
  80.000         180.000           -4.720e+00          -1.935e+01             157.566          -4.872e+00             304.944           2.006e+01     
  79.000         180.000           -4.511e+00          -1.904e+01             159.579          -4.667e+00             307.003           1.998e+01     
  78.000         180.000           -4.299e+00          -1.874e+01             161.455          -4.459e+00             309.134           1.995e+01     
  77.000         180.000           -4.084e+00          -1.844e+01             163.201          -4.246e+00             311.334           1.998e+01     
  76.000         180.000           -3.864e+00          -1.814e+01             164.827          -4.030e+00             313.597           2.006e+01     
  75.000         180.000           -3.641e+00          -1.786e+01             166.341          -3.809e+00             315.922           2.021e+01     
  74.000         180.000           -3.414e+00          -1.758e+01             167.750          -3.584e+00             318.304           2.043e+01     
  73.000         180.000           -3.184e+00          -1.732e+01             169.062          -3.355e+00             320.740           2.071e+01     
  72.000         180.000           -2.950e+00          -1.706e+01             170.284          -3.122e+00             323.225           2.106e+01     
  71.000         180.000           -2.713e+00          -1.682e+01             171.424          -2.885e+00             325.757           2.148e+01     
  70.000         180.000           -2.472e+00          -1.659e+01             172.486          -2.644e+00             328.331           2.200e+01     
  69.000         180.000           -2.229e+00          -1.638e+01             173.478          -2.400e+00             330.945           2.260e+01     
  68.000         180.000           -1.984e+00          -1.617e+01             174.402          -2.152e+00             333.595           2.331e+01     
  67.000         180.000           -1.736e+00          -1.599e+01             175.265          -1.902e+00             336.279           2.414e+01     
  66.000         180.000           -1.486e+00          -1.582e+01             176.070          -1.649e+00             338.993           2.511e+01     
  65.000         180.000           -1.235e+00          -1.567e+01             176.822          -1.395e+00             341.736           2.626e+01     
  64.000         180.000           -9.837e-01          -1.553e+01             177.522          -1.139e+00             344.505           2.764e+01     
  63.000         180.000           -7.315e-01          -1.541e+01             178.175          -8.818e-01             347.298           2.931e+01     
  62.000         180.000           -4.792e-01          -1.532e+01             178.783          -6.242e-01             350.114           3.141e+01     
  61.000         180.000           -2.275e-01          -1.524e+01             179.348          -3.668e-01             352.951           3.421e+01     
  60.000         180.000            2.301e-02          -1.518e+01             179.872          -1.101e-01             355.807           3.832e+01     
  59.000         180.000            2.723e-01          -1.514e+01             180.356           1.455e-01             358.685           4.000e+01     
  58.000         180.000            5.195e-01          -1.512e+01             180.802           3.995e-01               1.582           4.000e+01     
  57.000         180.000            7.644e-01          -1.513e+01             181.212           6.512e-01               4.498           4.000e+01     
  56.000         180.000            1.006e+00          -1.516e+01             181.584           9.001e-01               7.434           3.611e+01     
  55.000         180.000            1.245e+00          -1.522e+01             181.921           1.146e+00              10.389           3.320e+01     
  54.000         180.000            1.479e+00          -1.531e+01             182.221           1.387e+00              13.366           3.115e+01     
  53.000         180.000            1.710e+00          -1.542e+01             182.485           1.625e+00              16.364           2.960e+01     
  52.000         180.000            1.935e+00          -1.556e+01             182.711           1.857e+00              19.385           2.841e+01     
  51.000         180.000            2.156e+00          -1.573e+01             182.899           2.085e+00              22.430           2.746e+01     
  50.000         180.000            2.371e+00          -1.594e+01             183.047           2.306e+00              25.500           2.672e+01     
  49.000         180.000            2.580e+00          -1.618e+01             183.152           2.522e+00              28.599           2.613e+01     
  48.000         180.000            2.784e+00          -1.646e+01             183.210           2.732e+00              31.726           2.569e+01     
  47.000         180.000            2.980e+00          -1.678e+01             183.219           2.934e+00              34.885           2.538e+01     
  46.000         180.000            3.170e+00          -1.714e+01             183.172           3.130e+00              38.077           2.518e+01     
  45.000         180.000            3.354e+00          -1.755e+01             183.063           3.318e+00              41.304           2.508e+01     
  44.000         180.000            3.530e+00          -1.801e+01             182.883           3.499e+00              44.568           2.509e+01     
  43.000         180.000            3.699e+00          -1.853e+01             182.619           3.673e+00              47.874           2.520e+01     
  42.000         180.000            3.861e+00          -1.911e+01             182.259           3.839e+00              51.222           2.541e+01     
  41.000         180.000            4.015e+00          -1.975e+01             181.780           3.997e+00              54.615           2.573e+01     
  40.000         180.000            4.162e+00          -2.047e+01             181.158           4.147e+00              58.055           2.617e+01     
  39.000         180.000            4.302e+00          -2.128e+01             180.354           4.290e+00              61.544           2.672e+01     
  38.000         180.000            4.434e+00          -2.219e+01             179.318           4.425e+00              65.086           2.741e+01     
  37.000         180.000            4.560e+00          -2.320e+01             177.974           4.552e+00              68.681           2.826e+01     
  36.000         180.000            4.678e+00          -2.435e+01             176.212           4.672e+00              72.332           2.928e+01     
  35.000         180.000            4.789e+00          -2.566e+01             173.857           4.785e+00              76.040           3.053e+01     
  34.000         180.000            4.894e+00          -2.716e+01             170.628           4.891e+00              79.808           3.205e+01     
  33.000         180.000            4.992e+00          -2.888e+01             166.046           4.990e+00              83.636           3.395e+01     
  32.000         180.000            5.085e+00          -3.085e+01             159.254           5.083e+00              87.525           3.639e+01     
  31.000         180.000            5.171e+00          -3.306e+01             148.718           5.170e+00              91.475           3.974e+01     
  30.000         180.000            5.252e+00          -3.525e+01             132.067           5.252e+00              95.489           4.000e+01     
  29.000         180.000            5.328e+00          -3.665e+01             108.200           5.328e+00              99.565           4.000e+01     
  28.000         180.000            5.400e+00          -3.644e+01              82.810           5.400e+00             103.704           4.000e+01     
  27.000         180.000            5.467e+00          -3.511e+01              63.629           5.467e+00             107.904           4.000e+01     
  26.000         180.000            5.530e+00          -3.359e+01              51.225           5.530e+00             112.164           4.000e+01     
  25.000         180.000            5.590e+00          -3.227e+01              43.179           5.590e+00             116.482           3.824e+01     
  24.000         180.000            5.647e+00          -3.124e+01              37.653           5.646e+00             120.858           3.695e+01     
  23.000         180.000            5.701e+00          -3.048e+01              33.597           5.700e+00             125.288           3.618e+01     
  22.000         180.000            5.752e+00          -2.996e+01              30.412           5.751e+00             129.769           3.582e+01     
  21.000         180.000            5.801e+00          -2.965e+01              27.734           5.800e+00             134.300           3.582e+01     
  20.000         180.000            5.848e+00          -2.955e+01              25.317           5.846e+00             138.875           3.616e+01     
  19.000         180.000            5.892e+00          -2.966e+01              22.969           5.891e+00             143.495           3.685e+01     
  18.000         180.000            5.935e+00          -2.996e+01              20.506           5.934e+00             148.154           3.793e+01     
  17.000         180.000            5.976e+00          -3.049e+01              17.714           5.975e+00             152.850           3.950e+01     
  16.000         180.000            6.016e+00          -3.125e+01              14.300           6.015e+00             157.580           4.000e+01     
  15.000         180.000            6.054e+00          -3.229e+01               9.795           6.053e+00             162.339           4.000e+01     
  14.000         180.000            6.089e+00          -3.363e+01               3.378           6.089e+00             167.127           4.000e+01     
  13.000         180.000            6.123e+00          -3.529e+01             353.517           6.123e+00             171.939           4.000e+01     
  12.000         180.000            6.155e+00          -3.708e+01             337.542           6.155e+00             176.775           4.000e+01     
  11.000         180.000            6.185e+00          -3.822e+01             313.147           6.185e+00             181.630           4.000e+01     
  10.000         180.000            6.212e+00          -3.757e+01             285.626           6.212e+00             186.504           4.000e+01     
   9.000         180.000            6.237e+00          -3.552e+01             264.885           6.237e+00             191.396           4.000e+01     
   8.000         180.000            6.259e+00          -3.324e+01             252.122           6.259e+00             196.304           4.000e+01     
   7.000         180.000            6.279e+00          -3.120e+01             244.355           6.278e+00             201.226           4.000e+01     
   6.000         180.000            6.296e+00          -2.947e+01             239.421           6.295e+00             206.162           4.000e+01     
   5.000         180.000            6.311e+00          -2.800e+01             236.160           6.309e+00             211.111           4.000e+01     
   4.000         180.000            6.322e+00          -2.677e+01             233.951           6.320e+00             216.072           4.000e+01     
   3.000         180.000            6.331e+00          -2.572e+01             232.449           6.328e+00             221.044           4.000e+01     
   2.000         180.000            6.337e+00          -2.484e+01             231.450           6.334e+00             226.026           4.000e+01     
   1.000         180.000            6.340e+00          -2.409e+01             230.828           6.336e+00             231.017           4.000e+01     
