Theta [deg.]  Phi   [deg.]  Abs(Dir.)[dBi   ]   Abs(Theta)[dBi   ]  Phase(Theta)[deg.]  Abs(Phi  )[dBi   ]  Phase(Phi  )[deg.]  Ax.Ratio[dB    ]    
------------------------------------------------------------------------------------------------------------------------------------------------------
   0.000           0.000            5.507e+00          -2.043e+01              82.670           5.496e+00              60.107           3.426e+01     
   1.000           0.000            5.521e+00          -2.061e+01              81.251           5.510e+00              58.949           3.456e+01     
   2.000           0.000            5.535e+00          -2.092e+01              79.890           5.525e+00              57.795           3.496e+01     
   3.000           0.000            5.549e+00          -2.137e+01              78.530           5.540e+00              56.639           3.549e+01     
   4.000           0.000            5.564e+00          -2.196e+01              77.108           5.556e+00              55.475           3.620e+01     
   5.000           0.000            5.580e+00          -2.274e+01              75.535           5.573e+00              54.299           3.714e+01     
   6.000           0.000            5.596e+00          -2.371e+01              73.678           5.591e+00              53.107           3.840e+01     
   7.000           0.000            5.614e+00          -2.495e+01              71.312           5.610e+00              51.894           4.000e+01     
   8.000           0.000            5.633e+00          -2.653e+01              68.019           5.630e+00              50.658           4.000e+01     
   9.000           0.000            5.653e+00          -2.858e+01              62.911           5.651e+00              49.397           4.000e+01     
  10.000           0.000            5.675e+00          -3.128e+01              53.795           5.674e+00              48.108           4.000e+01     
  11.000           0.000            5.698e+00          -3.469e+01              34.480           5.698e+00              46.791           4.000e+01     
  12.000           0.000            5.723e+00          -3.690e+01             353.938           5.723e+00              45.446           4.000e+01     
  13.000           0.000            5.750e+00          -3.442e+01             314.113           5.750e+00              44.073           4.000e+01     
  14.000           0.000            5.778e+00          -3.085e+01             295.508           5.777e+00              42.673           3.702e+01     
  15.000           0.000            5.808e+00          -2.801e+01             286.942           5.806e+00              41.249           3.462e+01     
  16.000           0.000            5.838e+00          -2.581e+01             282.424           5.835e+00              39.802           3.268e+01     
  17.000           0.000            5.870e+00          -2.406e+01             279.834           5.866e+00              38.336           3.105e+01     
  18.000           0.000            5.902e+00          -2.264e+01             278.314           5.896e+00              36.853           2.966e+01     
  19.000           0.000            5.935e+00          -2.146e+01             277.465           5.927e+00              35.358           2.846e+01     
  20.000           0.000            5.968e+00          -2.047e+01             277.076           5.958e+00              33.854           2.742e+01     
  21.000           0.000            5.999e+00          -1.964e+01             277.035           5.987e+00              32.344           2.651e+01     
  22.000           0.000            6.030e+00          -1.893e+01             277.265           6.016e+00              30.833           2.571e+01     
  23.000           0.000            6.059e+00          -1.833e+01             277.726           6.043e+00              29.326           2.501e+01     
  24.000           0.000            6.086e+00          -1.783e+01             278.394           6.068e+00              27.824           2.441e+01     
  25.000           0.000            6.109e+00          -1.740e+01             279.251           6.090e+00              26.333           2.389e+01     
  26.000           0.000            6.129e+00          -1.705e+01             280.289           6.109e+00              24.854           2.345e+01     
  27.000           0.000            6.146e+00          -1.676e+01             281.502           6.123e+00              23.392           2.308e+01     
  28.000           0.000            6.157e+00          -1.653e+01             282.890           6.133e+00              21.948           2.277e+01     
  29.000           0.000            6.163e+00          -1.634e+01             284.453           6.139e+00              20.525           2.253e+01     
  30.000           0.000            6.163e+00          -1.620e+01             286.194           6.138e+00              19.125           2.235e+01     
  31.000           0.000            6.157e+00          -1.610e+01             288.114           6.131e+00              17.749           2.223e+01     
  32.000           0.000            6.144e+00          -1.603e+01             290.217           6.118e+00              16.399           2.217e+01     
  33.000           0.000            6.124e+00          -1.599e+01             292.501           6.097e+00              15.075           2.216e+01     
  34.000           0.000            6.096e+00          -1.597e+01             294.966           6.069e+00              13.779           2.221e+01     
  35.000           0.000            6.060e+00          -1.596e+01             297.609           6.033e+00              12.510           2.231e+01     
  36.000           0.000            6.015e+00          -1.597e+01             300.422           5.988e+00              11.269           2.246e+01     
  37.000           0.000            5.962e+00          -1.598e+01             303.392           5.934e+00              10.055           2.266e+01     
  38.000           0.000            5.900e+00          -1.599e+01             306.503           5.871e+00               8.868           2.292e+01     
  39.000           0.000            5.828e+00          -1.599e+01             309.732           5.800e+00               7.708           2.324e+01     
  40.000           0.000            5.747e+00          -1.599e+01             313.054           5.718e+00               6.574           2.362e+01     
  41.000           0.000            5.657e+00          -1.597e+01             316.435           5.627e+00               5.464           2.407e+01     
  42.000           0.000            5.557e+00          -1.594e+01             319.843           5.526e+00               4.379           2.458e+01     
  43.000           0.000            5.447e+00          -1.590e+01             323.241           5.415e+00               3.318           2.517e+01     
  44.000           0.000            5.328e+00          -1.583e+01             326.596           5.295e+00               2.279           2.585e+01     
  45.000           0.000            5.199e+00          -1.575e+01             329.873           5.164e+00               1.260           2.663e+01     
  46.000           0.000            5.060e+00          -1.566e+01             333.044           5.023e+00               0.262           2.754e+01     
  47.000           0.000            4.912e+00          -1.556e+01             336.085           4.873e+00             359.284           2.859e+01     
  48.000           0.000            4.754e+00          -1.545e+01             338.975           4.713e+00             358.323           2.983e+01     
  49.000           0.000            4.587e+00          -1.533e+01             341.701           4.543e+00             357.379           3.132e+01     
  50.000           0.000            4.411e+00          -1.521e+01             344.254           4.363e+00             356.451           3.317e+01     
  51.000           0.000            4.225e+00          -1.509e+01             346.628           4.174e+00             355.538           3.557e+01     
  52.000           0.000            4.030e+00          -1.498e+01             348.823           3.975e+00             354.638           3.895e+01     
  53.000           0.000            3.827e+00          -1.487e+01             350.839           3.768e+00             353.751           4.000e+01     
  54.000           0.000            3.615e+00          -1.477e+01             352.682           3.551e+00             352.876           4.000e+01     
  55.000           0.000            3.394e+00          -1.468e+01             354.355           3.326e+00             352.013           4.000e+01     
  56.000           0.000            3.166e+00          -1.461e+01             355.866           3.093e+00             351.159           3.956e+01     
  57.000           0.000            2.929e+00          -1.454e+01             357.221           2.851e+00             350.314           3.594e+01     
  58.000           0.000            2.685e+00          -1.449e+01             358.426           2.600e+00             349.479           3.342e+01     
  59.000           0.000            2.432e+00          -1.445e+01             359.488           2.343e+00             348.651           3.149e+01     
  60.000           0.000            2.173e+00          -1.443e+01               0.413           2.077e+00             347.832           2.993e+01     
  61.000           0.000            1.907e+00          -1.443e+01               1.206           1.805e+00             347.018           2.864e+01     
  62.000           0.000            1.634e+00          -1.444e+01               1.874           1.525e+00             346.213           2.754e+01     
  63.000           0.000            1.354e+00          -1.446e+01               2.420           1.238e+00             345.414           2.659e+01     
  64.000           0.000            1.068e+00          -1.450e+01               2.849           9.456e-01             344.622           2.577e+01     
  65.000           0.000            7.755e-01          -1.456e+01               3.163           6.465e-01             343.837           2.504e+01     
  66.000           0.000            4.775e-01          -1.463e+01               3.365           3.415e-01             343.059           2.441e+01     
  67.000           0.000            1.738e-01          -1.472e+01               3.457           3.074e-02             342.288           2.385e+01     
  68.000           0.000           -1.351e-01          -1.482e+01               3.439          -2.854e-01             341.525           2.336e+01     
  69.000           0.000           -4.493e-01          -1.493e+01               3.314          -6.067e-01             340.771           2.293e+01     
  70.000           0.000           -7.683e-01          -1.506e+01               3.079          -9.329e-01             340.026           2.256e+01     
  71.000           0.000           -1.092e+00          -1.521e+01               2.736          -1.264e+00             339.292           2.224e+01     
  72.000           0.000           -1.420e+00          -1.536e+01               2.282          -1.599e+00             338.571           2.198e+01     
  73.000           0.000           -1.752e+00          -1.553e+01               1.716          -1.939e+00             337.863           2.177e+01     
  74.000           0.000           -2.089e+00          -1.570e+01               1.034          -2.282e+00             337.170           2.161e+01     
  75.000           0.000           -2.429e+00          -1.589e+01               0.236          -2.629e+00             336.496           2.150e+01     
  76.000           0.000           -2.773e+00          -1.609e+01             359.316          -2.980e+00             335.842           2.146e+01     
  77.000           0.000           -3.120e+00          -1.629e+01             358.272          -3.335e+00             335.211           2.147e+01     
  78.000           0.000           -3.471e+00          -1.651e+01             357.099          -3.692e+00             334.607           2.154e+01     
  79.000           0.000           -3.824e+00          -1.673e+01             355.794          -4.053e+00             334.034           2.169e+01     
  80.000           0.000           -4.181e+00          -1.695e+01             354.352          -4.417e+00             333.496           2.192e+01     
  81.000           0.000           -4.540e+00          -1.718e+01             352.769          -4.783e+00             332.998           2.224e+01     
  82.000           0.000           -4.902e+00          -1.741e+01             351.043          -5.153e+00             332.544           2.268e+01     
  83.000           0.000           -5.265e+00          -1.764e+01             349.170          -5.525e+00             332.142           2.326e+01     
  84.000           0.000           -5.631e+00          -1.786e+01             347.148          -5.899e+00             331.798           2.401e+01     
  85.000           0.000           -5.999e+00          -1.808e+01             344.978          -6.277e+00             331.520           2.500e+01     
  86.000           0.000           -6.368e+00          -1.830e+01             342.660          -6.656e+00             331.315           2.632e+01     
  87.000           0.000           -6.739e+00          -1.850e+01             340.200          -7.038e+00             331.194           2.816e+01     
  88.000           0.000           -7.109e+00          -1.870e+01             337.602          -7.422e+00             331.167           3.090e+01     
  89.000           0.000           -7.480e+00          -1.887e+01             334.875          -7.808e+00             331.246           3.569e+01     
  90.000           0.000           -7.851e+00          -1.904e+01             332.033          -8.195e+00             331.443           4.000e+01     
  91.000           0.000           -8.220e+00          -1.918e+01             329.090          -8.583e+00             331.772           3.792e+01     
  92.000           0.000           -8.586e+00          -1.930e+01             326.063          -8.971e+00             332.248           3.044e+01     
  93.000           0.000           -8.949e+00          -1.940e+01             322.973          -9.359e+00             332.890           2.612e+01     
  94.000           0.000           -9.306e+00          -1.947e+01             319.841          -9.745e+00             333.713           2.297e+01     
  95.000           0.000           -9.655e+00          -1.953e+01             316.689          -1.013e+01             334.738           2.044e+01     
  96.000           0.000           -9.995e+00          -1.956e+01             313.540          -1.050e+01             335.984           1.831e+01     
  97.000           0.000           -1.032e+01          -1.957e+01             310.414          -1.087e+01             337.471           1.644e+01     
  98.000           0.000           -1.063e+01          -1.956e+01             307.332          -1.123e+01             339.218           1.478e+01     
  99.000           0.000           -1.092e+01          -1.953e+01             304.309          -1.157e+01             341.241           1.328e+01     
 100.000           0.000           -1.119e+01          -1.949e+01             301.360          -1.188e+01             343.552           1.191e+01     
 101.000           0.000           -1.142e+01          -1.944e+01             298.494          -1.217e+01             346.160           1.067e+01     
 102.000           0.000           -1.162e+01          -1.937e+01             295.719          -1.242e+01             349.060           9.547e+00     
 103.000           0.000           -1.179e+01          -1.930e+01             293.039          -1.263e+01             352.241           8.549e+00     
 104.000           0.000           -1.190e+01          -1.923e+01             290.455          -1.279e+01             355.674           7.691e+00     
 105.000           0.000           -1.197e+01          -1.916e+01             287.965          -1.290e+01             359.319           6.994e+00     
 106.000           0.000           -1.199e+01          -1.909e+01             285.566          -1.294e+01               3.122           6.488e+00     
 107.000           0.000           -1.196e+01          -1.903e+01             283.251          -1.291e+01               7.020           6.202e+00     
 108.000           0.000           -1.188e+01          -1.897e+01             281.014          -1.282e+01              10.942           6.153e+00     
 109.000           0.000           -1.175e+01          -1.893e+01             278.846          -1.267e+01              14.821           6.338e+00     
 110.000           0.000           -1.157e+01          -1.890e+01             276.737          -1.245e+01              18.595           6.735e+00     
 111.000           0.000           -1.135e+01          -1.888e+01             274.676          -1.219e+01              22.214           7.310e+00     
 112.000           0.000           -1.109e+01          -1.888e+01             272.652          -1.188e+01              25.638           8.028e+00     
 113.000           0.000           -1.080e+01          -1.890e+01             270.650          -1.153e+01              28.845           8.863e+00     
 114.000           0.000           -1.049e+01          -1.893e+01             268.657          -1.116e+01              31.824           9.795e+00     
 115.000           0.000           -1.016e+01          -1.899e+01             266.657          -1.076e+01              34.573           1.081e+01     
 116.000           0.000           -9.809e+00          -1.908e+01             264.634          -1.036e+01              37.101           1.192e+01     
 117.000           0.000           -9.452e+00          -1.919e+01             262.569          -9.940e+00              39.418           1.311e+01     
 118.000           0.000           -9.089e+00          -1.932e+01             260.441          -9.521e+00              41.542           1.440e+01     
 119.000           0.000           -8.723e+00          -1.949e+01             258.225          -9.103e+00              43.489           1.581e+01     
 120.000           0.000           -8.357e+00          -1.968e+01             255.897          -8.690e+00              45.279           1.736e+01     
 121.000           0.000           -7.995e+00          -1.991e+01             253.423          -8.284e+00              46.927           1.911e+01     
 122.000           0.000           -7.637e+00          -2.016e+01             250.768          -7.886e+00              48.452           2.112e+01     
 123.000           0.000           -7.285e+00          -2.045e+01             247.889          -7.500e+00              49.870           2.353e+01     
 124.000           0.000           -6.942e+00          -2.077e+01             244.741          -7.126e+00              51.194           2.660e+01     
 125.000           0.000           -6.608e+00          -2.111e+01             241.266          -6.765e+00              52.438           3.094e+01     
 126.000           0.000           -6.284e+00          -2.148e+01             237.403          -6.418e+00              53.615           3.893e+01     
 127.000           0.000           -5.972e+00          -2.187e+01             233.087          -6.085e+00              54.734           4.000e+01     
 128.000           0.000           -5.671e+00          -2.226e+01             228.251          -5.768e+00              55.807           3.430e+01     
 129.000           0.000           -5.383e+00          -2.264e+01             222.838          -5.466e+00              56.841           2.965e+01     
 130.000           0.000           -5.109e+00          -2.299e+01             216.814          -5.180e+00              57.844           2.683e+01     
 131.000           0.000           -4.847e+00          -2.328e+01             210.187          -4.910e+00              58.825           2.486e+01     
 132.000           0.000           -4.600e+00          -2.349e+01             203.031          -4.656e+00              59.788           2.336e+01     
 133.000           0.000           -4.367e+00          -2.359e+01             195.494          -4.419e+00              60.740           2.219e+01     
 134.000           0.000           -4.149e+00          -2.356e+01             187.793          -4.199e+00              61.687           2.125e+01     
 135.000           0.000           -3.945e+00          -2.340e+01             180.182          -3.995e+00              62.633           2.048e+01     
 136.000           0.000           -3.757e+00          -2.313e+01             172.898          -3.807e+00              63.582           1.984e+01     
 137.000           0.000           -3.584e+00          -2.277e+01             166.127          -3.637e+00              64.539           1.932e+01     
 138.000           0.000           -3.427e+00          -2.234e+01             159.975          -3.483e+00              65.508           1.889e+01     
 139.000           0.000           -3.286e+00          -2.188e+01             154.480          -3.346e+00              66.491           1.854e+01     
 140.000           0.000           -3.160e+00          -2.140e+01             149.624          -3.225e+00              67.492           1.826e+01     
 141.000           0.000           -3.050e+00          -2.094e+01             145.362          -3.122e+00              68.515           1.805e+01     
 142.000           0.000           -2.957e+00          -2.050e+01             141.629          -3.034e+00              69.561           1.791e+01     
 143.000           0.000           -2.879e+00          -2.009e+01             138.361          -2.963e+00              70.634           1.783e+01     
 144.000           0.000           -2.818e+00          -1.973e+01             135.496          -2.907e+00              71.736           1.780e+01     
 145.000           0.000           -2.772e+00          -1.941e+01             132.977          -2.867e+00              72.869           1.784e+01     
 146.000           0.000           -2.743e+00          -1.915e+01             130.754          -2.843e+00              74.035           1.793e+01     
 147.000           0.000           -2.729e+00          -1.895e+01             128.787          -2.834e+00              75.236           1.808e+01     
 148.000           0.000           -2.730e+00          -1.880e+01             127.038          -2.839e+00              76.473           1.829e+01     
 149.000           0.000           -2.747e+00          -1.871e+01             125.474          -2.858e+00              77.748           1.857e+01     
 150.000           0.000           -2.778e+00          -1.869e+01             124.075          -2.891e+00              79.061           1.892e+01     
 151.000           0.000           -2.824e+00          -1.874e+01             122.816          -2.936e+00              80.412           1.935e+01     
 152.000           0.000           -2.883e+00          -1.886e+01             121.676          -2.994e+00              81.803           1.986e+01     
 153.000           0.000           -2.955e+00          -1.905e+01             120.639          -3.063e+00              83.231           2.046e+01     
 154.000           0.000           -3.040e+00          -1.933e+01             119.689          -3.143e+00              84.698           2.116e+01     
 155.000           0.000           -3.135e+00          -1.970e+01             118.812          -3.232e+00              86.200           2.197e+01     
 156.000           0.000           -3.242e+00          -2.017e+01             117.994          -3.330e+00              87.736           2.293e+01     
 157.000           0.000           -3.357e+00          -2.076e+01             117.218          -3.436e+00              89.303           2.404e+01     
 158.000           0.000           -3.480e+00          -2.148e+01             116.468          -3.549e+00              90.898           2.534e+01     
 159.000           0.000           -3.609e+00          -2.236e+01             115.721          -3.667e+00              92.516           2.688e+01     
 160.000           0.000           -3.744e+00          -2.345e+01             114.938          -3.791e+00              94.154           2.874e+01     
 161.000           0.000           -3.882e+00          -2.479e+01             114.077          -3.917e+00              95.807           3.101e+01     
 162.000           0.000           -4.022e+00          -2.648e+01             113.031          -4.047e+00              97.467           3.391e+01     
 163.000           0.000           -4.163e+00          -2.870e+01             111.583          -4.178e+00              99.130           3.788e+01     
 164.000           0.000           -4.303e+00          -3.181e+01             109.137          -4.310e+00             100.789           4.000e+01     
 165.000           0.000           -4.440e+00          -3.679e+01             103.234          -4.442e+00             102.437           4.000e+01     
 166.000           0.000           -4.573e+00          -4.766e+01              64.648          -4.574e+00             104.068           4.000e+01     
 167.000           0.000           -4.702e+00          -4.045e+01             315.719          -4.704e+00             105.677           4.000e+01     
 168.000           0.000           -4.826e+00          -3.374e+01             304.747          -4.832e+00             107.258           3.936e+01     
 169.000           0.000           -4.944e+00          -3.001e+01             301.503          -4.957e+00             108.806           3.824e+01     
 170.000           0.000           -5.055e+00          -2.748e+01             299.986          -5.080e+00             110.318           3.795e+01     
 171.000           0.000           -5.160e+00          -2.561e+01             299.129          -5.200e+00             111.792           3.837e+01     
 172.000           0.000           -5.260e+00          -2.417e+01             298.619          -5.316e+00             113.225           3.950e+01     
 173.000           0.000           -5.353e+00          -2.302e+01             298.319          -5.428e+00             114.618           4.000e+01     
 174.000           0.000           -5.442e+00          -2.211e+01             298.168          -5.537e+00             115.974           4.000e+01     
 175.000           0.000           -5.528e+00          -2.139e+01             298.130          -5.642e+00             117.295           4.000e+01     
 176.000           0.000           -5.610e+00          -2.082e+01             298.189          -5.743e+00             118.586           4.000e+01     
 177.000           0.000           -5.690e+00          -2.040e+01             298.335          -5.840e+00             119.853           4.000e+01     
 178.000           0.000           -5.769e+00          -2.010e+01             298.568          -5.933e+00             121.105           4.000e+01     
 179.000           0.000           -5.848e+00          -1.992e+01             298.887          -6.021e+00             122.350           3.862e+01     
 180.000           0.000           -5.927e+00          -1.985e+01             299.301          -6.106e+00             123.600           3.661e+01     
 179.000         180.000           -6.006e+00          -1.989e+01             119.818          -6.187e+00             304.862           3.519e+01     
 178.000         180.000           -6.085e+00          -2.005e+01             120.456          -6.263e+00             306.149           3.421e+01     
 177.000         180.000           -6.164e+00          -2.032e+01             121.239          -6.334e+00             307.473           3.361e+01     
 176.000         180.000           -6.243e+00          -2.072e+01             122.203          -6.401e+00             308.845           3.337e+01     
 175.000         180.000           -6.321e+00          -2.125e+01             123.397          -6.463e+00             310.276           3.350e+01     
 174.000         180.000           -6.397e+00          -2.193e+01             124.899          -6.520e+00             311.777           3.409e+01     
 173.000         180.000           -6.468e+00          -2.278e+01             126.828          -6.571e+00             313.356           3.530e+01     
 172.000         180.000           -6.534e+00          -2.383e+01             129.378          -6.615e+00             315.023           3.752e+01     
 171.000         180.000           -6.592e+00          -2.513e+01             132.886          -6.653e+00             316.782           4.000e+01     
 170.000         180.000           -6.640e+00          -2.674e+01             137.977          -6.683e+00             318.637           4.000e+01     
 169.000         180.000           -6.678e+00          -2.871e+01             145.888          -6.705e+00             320.594           4.000e+01     
 168.000         180.000           -6.701e+00          -3.105e+01             159.233          -6.717e+00             322.646           3.525e+01     
 167.000         180.000           -6.710e+00          -3.323e+01             182.410          -6.719e+00             324.793           3.081e+01     
 166.000         180.000           -6.702e+00          -3.362e+01             214.712          -6.710e+00             327.029           2.759e+01     
 165.000         180.000           -6.676e+00          -3.174e+01             241.666          -6.690e+00             329.344           2.505e+01     
 164.000         180.000           -6.634e+00          -2.929e+01             257.742          -6.657e+00             331.729           2.298e+01     
 163.000         180.000           -6.574e+00          -2.712e+01             267.171          -6.612e+00             334.170           2.124e+01     
 162.000         180.000           -6.498e+00          -2.533e+01             273.187          -6.555e+00             336.653           1.977e+01     
 161.000         180.000           -6.407e+00          -2.387e+01             277.370          -6.485e+00             339.161           1.852e+01     
 160.000         180.000           -6.303e+00          -2.266e+01             280.496          -6.404e+00             341.679           1.745e+01     
 159.000         180.000           -6.188e+00          -2.166e+01             282.975          -6.313e+00             344.191           1.655e+01     
 158.000         180.000           -6.065e+00          -2.082e+01             285.040          -6.213e+00             346.681           1.579e+01     
 157.000         180.000           -5.937e+00          -2.013e+01             286.833          -6.105e+00             349.134           1.516e+01     
 156.000         180.000           -5.805e+00          -1.956e+01             288.448          -5.991e+00             351.538           1.465e+01     
 155.000         180.000           -5.672e+00          -1.910e+01             289.949          -5.874e+00             353.882           1.424e+01     
 154.000         180.000           -5.541e+00          -1.874e+01             291.381          -5.754e+00             356.156           1.394e+01     
 153.000         180.000           -5.414e+00          -1.846e+01             292.781          -5.634e+00             358.354           1.372e+01     
 152.000         180.000           -5.292e+00          -1.826e+01             294.177          -5.517e+00               0.471           1.359e+01     
 151.000         180.000           -5.178e+00          -1.814e+01             295.596          -5.403e+00               2.501           1.354e+01     
 150.000         180.000           -5.072e+00          -1.809e+01             297.061          -5.295e+00               4.443           1.356e+01     
 149.000         180.000           -4.977e+00          -1.810e+01             298.595          -5.194e+00               6.296           1.365e+01     
 148.000         180.000           -4.893e+00          -1.818e+01             300.222          -5.101e+00               8.060           1.381e+01     
 147.000         180.000           -4.821e+00          -1.833e+01             301.966          -5.019e+00               9.735           1.404e+01     
 146.000         180.000           -4.761e+00          -1.853e+01             303.858          -4.947e+00              11.323           1.434e+01     
 145.000         180.000           -4.714e+00          -1.880e+01             305.929          -4.887e+00              12.826           1.470e+01     
 144.000         180.000           -4.681e+00          -1.913e+01             308.219          -4.840e+00              14.245           1.512e+01     
 143.000         180.000           -4.661e+00          -1.951e+01             310.773          -4.806e+00              15.583           1.563e+01     
 142.000         180.000           -4.656e+00          -1.995e+01             313.647          -4.786e+00              16.842           1.620e+01     
 141.000         180.000           -4.664e+00          -2.044e+01             316.907          -4.780e+00              18.024           1.687e+01     
 140.000         180.000           -4.685e+00          -2.098e+01             320.632          -4.788e+00              19.131           1.764e+01     
 139.000         180.000           -4.720e+00          -2.156e+01             324.912          -4.811e+00              20.165           1.852e+01     
 138.000         180.000           -4.769e+00          -2.217e+01             329.851          -4.848e+00              21.127           1.954e+01     
 137.000         180.000           -4.830e+00          -2.279e+01             335.551          -4.900e+00              22.019           2.075e+01     
 136.000         180.000           -4.904e+00          -2.339e+01             342.099          -4.966e+00              22.840           2.221e+01     
 135.000         180.000           -4.990e+00          -2.394e+01             349.530          -5.046e+00              23.591           2.400e+01     
 134.000         180.000           -5.088e+00          -2.438e+01             357.788          -5.139e+00              24.273           2.634e+01     
 133.000         180.000           -5.197e+00          -2.468e+01               6.683          -5.246e+00              24.885           2.963e+01     
 132.000         180.000           -5.317e+00          -2.481e+01              15.891          -5.366e+00              25.427           3.515e+01     
 131.000         180.000           -5.447e+00          -2.475e+01              25.014          -5.498e+00              25.896           4.000e+01     
 130.000         180.000           -5.586e+00          -2.452e+01              33.680          -5.642e+00              26.292           3.680e+01     
 129.000         180.000           -5.734e+00          -2.417e+01              41.630          -5.797e+00              26.613           3.022e+01     
 128.000         180.000           -5.890e+00          -2.374e+01              48.743          -5.962e+00              26.856           2.647e+01     
 127.000         180.000           -6.053e+00          -2.326e+01              55.016          -6.136e+00              27.019           2.382e+01     
 126.000         180.000           -6.222e+00          -2.277e+01              60.514          -6.319e+00              27.098           2.177e+01     
 125.000         180.000           -6.396e+00          -2.230e+01              65.336          -6.509e+00              27.091           2.009e+01     
 124.000         180.000           -6.575e+00          -2.184e+01              69.586          -6.706e+00              26.994           1.867e+01     
 123.000         180.000           -6.756e+00          -2.142e+01              73.362          -6.907e+00              26.802           1.744e+01     
 122.000         180.000           -6.939e+00          -2.103e+01              76.749          -7.112e+00              26.513           1.635e+01     
 121.000         180.000           -7.123e+00          -2.069e+01              79.819          -7.318e+00              26.123           1.538e+01     
 120.000         180.000           -7.305e+00          -2.037e+01              82.633          -7.525e+00              25.628           1.451e+01     
 119.000         180.000           -7.485e+00          -2.010e+01              85.242          -7.730e+00              25.025           1.373e+01     
 118.000         180.000           -7.661e+00          -1.986e+01              87.686          -7.931e+00              24.312           1.302e+01     
 117.000         180.000           -7.832e+00          -1.965e+01              90.000          -8.127e+00              23.487           1.238e+01     
 116.000         180.000           -7.995e+00          -1.948e+01              92.212          -8.315e+00              22.550           1.181e+01     
 115.000         180.000           -8.148e+00          -1.933e+01              94.348          -8.492e+00              21.502           1.130e+01     
 114.000         180.000           -8.290e+00          -1.921e+01              96.428          -8.657e+00              20.345           1.086e+01     
 113.000         180.000           -8.419e+00          -1.912e+01              98.471          -8.806e+00              19.084           1.049e+01     
 112.000         180.000           -8.533e+00          -1.905e+01             100.491          -8.937e+00              17.726           1.019e+01     
 111.000         180.000           -8.630e+00          -1.899e+01             102.502          -9.049e+00              16.278           9.969e+00     
 110.000         180.000           -8.709e+00          -1.896e+01             104.516          -9.139e+00              14.751           9.825e+00     
 109.000         180.000           -8.767e+00          -1.895e+01             106.545          -9.205e+00              13.159           9.763e+00     
 108.000         180.000           -8.804e+00          -1.895e+01             108.596          -9.245e+00              11.514           9.786e+00     
 107.000         180.000           -8.818e+00          -1.896e+01             110.677          -9.260e+00               9.833           9.896e+00     
 106.000         180.000           -8.809e+00          -1.899e+01             112.796          -9.247e+00               8.131           1.009e+01     
 105.000         180.000           -8.776e+00          -1.902e+01             114.957          -9.207e+00               6.425           1.038e+01     
 104.000         180.000           -8.719e+00          -1.906e+01             117.165          -9.140e+00               4.730           1.074e+01     
 103.000         180.000           -8.638e+00          -1.910e+01             119.423          -9.047e+00               3.061           1.119e+01     
 102.000         180.000           -8.534e+00          -1.915e+01             121.732          -8.929e+00               1.431           1.172e+01     
 101.000         180.000           -8.408e+00          -1.920e+01             124.091          -8.786e+00             359.851           1.233e+01     
 100.000         180.000           -8.261e+00          -1.924e+01             126.498          -8.622e+00             358.331           1.301e+01     
  99.000         180.000           -8.093e+00          -1.929e+01             128.950          -8.437e+00             356.877           1.377e+01     
  98.000         180.000           -7.907e+00          -1.932e+01             131.442          -8.233e+00             355.494           1.460e+01     
  97.000         180.000           -7.704e+00          -1.935e+01             133.965          -8.012e+00             354.185           1.551e+01     
  96.000         180.000           -7.486e+00          -1.937e+01             136.511          -7.777e+00             352.952           1.651e+01     
  95.000         180.000           -7.253e+00          -1.938e+01             139.069          -7.528e+00             351.793           1.759e+01     
  94.000         180.000           -7.008e+00          -1.937e+01             141.627          -7.268e+00             350.706           1.878e+01     
  93.000         180.000           -6.752e+00          -1.936e+01             144.172          -6.997e+00             349.689           2.008e+01     
  92.000         180.000           -6.487e+00          -1.933e+01             146.690          -6.719e+00             348.737           2.152e+01     
  91.000         180.000           -6.213e+00          -1.929e+01             149.167          -6.433e+00             347.847           2.314e+01     
  90.000         180.000           -5.933e+00          -1.923e+01             151.590          -6.141e+00             347.013           2.498e+01     
  89.000         180.000           -5.646e+00          -1.916e+01             153.945          -5.844e+00             346.231           2.714e+01     
  88.000         180.000           -5.355e+00          -1.908e+01             156.219          -5.543e+00             345.495           2.976e+01     
  87.000         180.000           -5.060e+00          -1.899e+01             158.402          -5.239e+00             344.801           3.317e+01     
  86.000         180.000           -4.761e+00          -1.889e+01             160.483          -4.933e+00             344.142           3.820e+01     
  85.000         180.000           -4.461e+00          -1.879e+01             162.453          -4.624e+00             343.515           4.000e+01     
  84.000         180.000           -4.159e+00          -1.867e+01             164.305          -4.315e+00             342.915           4.000e+01     
  83.000         180.000           -3.856e+00          -1.856e+01             166.034          -4.005e+00             342.337           3.866e+01     
  82.000         180.000           -3.552e+00          -1.844e+01             167.634          -3.696e+00             341.777           3.485e+01     
  81.000         180.000           -3.249e+00          -1.832e+01             169.103          -3.386e+00             341.231           3.247e+01     
  80.000         180.000           -2.946e+00          -1.819e+01             170.437          -3.078e+00             340.695           3.080e+01     
  79.000         180.000           -2.644e+00          -1.807e+01             171.636          -2.771e+00             340.167           2.958e+01     
  78.000         180.000           -2.344e+00          -1.796e+01             172.697          -2.465e+00             339.643           2.865e+01     
  77.000         180.000           -2.045e+00          -1.785e+01             173.620          -2.161e+00             339.121           2.793e+01     
  76.000         180.000           -1.749e+00          -1.774e+01             174.404          -1.860e+00             338.596           2.738e+01     
  75.000         180.000           -1.455e+00          -1.764e+01             175.050          -1.561e+00             338.068           2.697e+01     
  74.000         180.000           -1.164e+00          -1.755e+01             175.556          -1.265e+00             337.534           2.666e+01     
  73.000         180.000           -8.758e-01          -1.747e+01             175.921          -9.720e-01             336.992           2.645e+01     
  72.000         180.000           -5.911e-01          -1.740e+01             176.145          -6.826e-01             336.440           2.632e+01     
  71.000         180.000           -3.101e-01          -1.734e+01             176.225          -3.970e-01             335.876           2.627e+01     
  70.000         180.000           -3.299e-02          -1.729e+01             176.159          -1.154e-01             335.300           2.629e+01     
  69.000         180.000            2.399e-01          -1.726e+01             175.944           1.619e-01             334.708           2.637e+01     
  68.000         180.000            5.083e-01          -1.723e+01             175.577           4.346e-01             334.101           2.652e+01     
  67.000         180.000            7.719e-01          -1.722e+01             175.053           7.024e-01             333.477           2.673e+01     
  66.000         180.000            1.031e+00          -1.722e+01             174.366           9.651e-01             332.834           2.701e+01     
  65.000         180.000            1.284e+00          -1.724e+01             173.511           1.222e+00             332.172           2.735e+01     
  64.000         180.000            1.532e+00          -1.727e+01             172.480           1.474e+00             331.490           2.776e+01     
  63.000         180.000            1.774e+00          -1.731e+01             171.265           1.720e+00             330.787           2.825e+01     
  62.000         180.000            2.010e+00          -1.736e+01             169.858           1.959e+00             330.061           2.881e+01     
  61.000         180.000            2.239e+00          -1.742e+01             168.249           2.192e+00             329.312           2.948e+01     
  60.000         180.000            2.462e+00          -1.750e+01             166.429           2.418e+00             328.539           3.025e+01     
  59.000         180.000            2.679e+00          -1.758e+01             164.389           2.638e+00             327.741           3.115e+01     
  58.000         180.000            2.888e+00          -1.766e+01             162.121           2.850e+00             326.918           3.221e+01     
  57.000         180.000            3.090e+00          -1.775e+01             159.618           3.054e+00             326.068           3.348e+01     
  56.000         180.000            3.285e+00          -1.784e+01             156.876           3.251e+00             325.191           3.502e+01     
  55.000         180.000            3.472e+00          -1.792e+01             153.895           3.440e+00             324.286           3.697e+01     
  54.000         180.000            3.651e+00          -1.799e+01             150.680           3.621e+00             323.352           3.956e+01     
  53.000         180.000            3.822e+00          -1.805e+01             147.243           3.793e+00             322.387           4.000e+01     
  52.000         180.000            3.984e+00          -1.809e+01             143.603           3.957e+00             321.392           4.000e+01     
  51.000         180.000            4.139e+00          -1.810e+01             139.786           4.113e+00             320.364           4.000e+01     
  50.000         180.000            4.285e+00          -1.809e+01             135.828           4.259e+00             319.304           4.000e+01     
  49.000         180.000            4.422e+00          -1.805e+01             131.768           4.397e+00             318.209           4.000e+01     
  48.000         180.000            4.550e+00          -1.798e+01             127.652           4.526e+00             317.080           3.827e+01     
  47.000         180.000            4.670e+00          -1.788e+01             123.528           4.645e+00             315.914           3.594e+01     
  46.000         180.000            4.780e+00          -1.775e+01             119.441           4.756e+00             314.711           3.414e+01     
  45.000         180.000            4.882e+00          -1.760e+01             115.433           4.857e+00             313.470           3.269e+01     
  44.000         180.000            4.975e+00          -1.743e+01             111.540           4.950e+00             312.189           3.148e+01     
  43.000         180.000            5.059e+00          -1.725e+01             107.788           5.034e+00             310.869           3.046e+01     
  42.000         180.000            5.135e+00          -1.705e+01             104.197           5.108e+00             309.507           2.959e+01     
  41.000         180.000            5.202e+00          -1.686e+01             100.779           5.175e+00             308.104           2.884e+01     
  40.000         180.000            5.260e+00          -1.667e+01              97.537           5.232e+00             306.658           2.820e+01     
  39.000         180.000            5.311e+00          -1.649e+01              94.471           5.282e+00             305.169           2.765e+01     
  38.000         180.000            5.354e+00          -1.632e+01              91.573           5.324e+00             303.637           2.719e+01     
  37.000         180.000            5.389e+00          -1.618e+01              88.833           5.358e+00             302.061           2.681e+01     
  36.000         180.000            5.417e+00          -1.606e+01              86.240           5.386e+00             300.442           2.649e+01     
  35.000         180.000            5.438e+00          -1.597e+01              83.778           5.407e+00             298.779           2.624e+01     
  34.000         180.000            5.454e+00          -1.591e+01              81.433           5.422e+00             297.075           2.606e+01     
  33.000         180.000            5.463e+00          -1.588e+01              79.186           5.431e+00             295.330           2.594e+01     
  32.000         180.000            5.468e+00          -1.590e+01              77.022           5.436e+00             293.546           2.588e+01     
  31.000         180.000            5.468e+00          -1.596e+01              74.921           5.436e+00             291.725           2.589e+01     
  30.000         180.000            5.464e+00          -1.606e+01              72.864           5.433e+00             289.869           2.595e+01     
  29.000         180.000            5.457e+00          -1.622e+01              70.830           5.427e+00             287.983           2.606e+01     
  28.000         180.000            5.447e+00          -1.642e+01              68.795           5.419e+00             286.069           2.623e+01     
  27.000         180.000            5.436e+00          -1.669e+01              66.732           5.409e+00             284.133           2.646e+01     
  26.000         180.000            5.423e+00          -1.702e+01              64.610           5.398e+00             282.179           2.674e+01     
  25.000         180.000            5.410e+00          -1.741e+01              62.391           5.387e+00             280.211           2.707e+01     
  24.000         180.000            5.397e+00          -1.788e+01              60.027           5.376e+00             278.237           2.745e+01     
  23.000         180.000            5.384e+00          -1.843e+01              57.456           5.366e+00             276.261           2.788e+01     
  22.000         180.000            5.372e+00          -1.907e+01              54.598           5.357e+00             274.291           2.834e+01     
  21.000         180.000            5.362e+00          -1.980e+01              51.341           5.349e+00             272.332           2.883e+01     
  20.000         180.000            5.353e+00          -2.064e+01              47.534           5.343e+00             270.389           2.934e+01     
  19.000         180.000            5.347e+00          -2.159e+01              42.954           5.338e+00             268.470           2.987e+01     
  18.000         180.000            5.342e+00          -2.265e+01              37.289           5.335e+00             266.581           3.040e+01     
  17.000         180.000            5.340e+00          -2.381e+01              30.100           5.335e+00             264.726           3.092e+01     
  16.000         180.000            5.340e+00          -2.500e+01              20.821           5.336e+00             262.911           3.142e+01     
  15.000         180.000            5.342e+00          -2.612e+01               8.896           5.339e+00             261.138           3.188e+01     
  14.000         180.000            5.346e+00          -2.693e+01             354.248           5.344e+00             259.413           3.230e+01     
  13.000         180.000            5.352e+00          -2.719e+01             337.989           5.350e+00             257.737           3.267e+01     
  12.000         180.000            5.360e+00          -2.684e+01             322.298           5.357e+00             256.112           3.297e+01     
  11.000         180.000            5.369e+00          -2.606e+01             308.974           5.366e+00             254.539           3.322e+01     
  10.000         180.000            5.379e+00          -2.509e+01             298.500           5.375e+00             253.017           3.340e+01     
   9.000         180.000            5.390e+00          -2.411e+01             290.477           5.386e+00             251.547           3.353e+01     
   8.000         180.000            5.402e+00          -2.321e+01             284.320           5.396e+00             250.126           3.362e+01     
   7.000         180.000            5.415e+00          -2.243e+01             279.515           5.408e+00             248.752           3.367e+01     
   6.000         180.000            5.428e+00          -2.178e+01             275.687           5.419e+00             247.422           3.371e+01     
   5.000         180.000            5.441e+00          -2.126e+01             272.571           5.431e+00             246.131           3.373e+01     
   4.000         180.000            5.454e+00          -2.086e+01             269.980           5.444e+00             244.876           3.377e+01     
   3.000         180.000            5.467e+00          -2.058e+01             267.782           5.456e+00             243.651           3.382e+01     
   2.000         180.000            5.480e+00          -2.041e+01             265.878           5.469e+00             242.452           3.391e+01     
   1.000         180.000            5.494e+00          -2.036e+01             264.195           5.482e+00             241.272           3.406e+01     
