Theta [deg.]  Phi   [deg.]  Abs(Dir.)[dBi   ]   Abs(Theta)[dBi   ]  Phase(Theta)[deg.]  Abs(Phi  )[dBi   ]  Phase(Phi  )[deg.]  Ax.Ratio[dB    ]    
------------------------------------------------------------------------------------------------------------------------------------------------------
   0.000           0.000            6.341e+00          -2.348e+01             230.522           6.336e+00              56.022           4.000e+01     
   1.000           0.000            6.340e+00          -2.409e+01             230.844           6.336e+00              51.025           4.000e+01     
   2.000           0.000            6.337e+00          -2.484e+01             231.465           6.334e+00              46.034           4.000e+01     
   3.000           0.000            6.331e+00          -2.572e+01             232.465           6.328e+00              41.052           4.000e+01     
   4.000           0.000            6.322e+00          -2.677e+01             233.967           6.320e+00              36.080           4.000e+01     
   5.000           0.000            6.311e+00          -2.800e+01             236.176           6.309e+00              31.120           4.000e+01     
   6.000           0.000            6.296e+00          -2.946e+01             239.436           6.295e+00              26.171           4.000e+01     
   7.000           0.000            6.279e+00          -3.120e+01             244.367           6.278e+00              21.235           4.000e+01     
   8.000           0.000            6.259e+00          -3.324e+01             252.127           6.259e+00              16.312           4.000e+01     
   9.000           0.000            6.237e+00          -3.551e+01             264.872           6.237e+00              11.404           4.000e+01     
  10.000           0.000            6.212e+00          -3.756e+01             285.578           6.212e+00               6.512           4.000e+01     
  11.000           0.000            6.185e+00          -3.821e+01             313.069           6.185e+00               1.639           4.000e+01     
  12.000           0.000            6.155e+00          -3.708e+01             337.469           6.155e+00             356.783           4.000e+01     
  13.000           0.000            6.123e+00          -3.530e+01             353.466           6.123e+00             351.948           4.000e+01     
  14.000           0.000            6.089e+00          -3.364e+01               3.344           6.089e+00             347.135           4.000e+01     
  15.000           0.000            6.054e+00          -3.229e+01               9.772           6.053e+00             342.348           4.000e+01     
  16.000           0.000            6.016e+00          -3.126e+01              14.284           6.015e+00             337.588           4.000e+01     
  17.000           0.000            5.976e+00          -3.049e+01              17.703           5.976e+00             332.859           3.950e+01     
  18.000           0.000            5.935e+00          -2.997e+01              20.499           5.934e+00             328.163           3.794e+01     
  19.000           0.000            5.892e+00          -2.966e+01              22.966           5.891e+00             323.504           3.685e+01     
  20.000           0.000            5.848e+00          -2.956e+01              25.317           5.846e+00             318.884           3.616e+01     
  21.000           0.000            5.801e+00          -2.966e+01              27.737           5.800e+00             314.309           3.583e+01     
  22.000           0.000            5.752e+00          -2.996e+01              30.418           5.751e+00             309.778           3.583e+01     
  23.000           0.000            5.701e+00          -3.048e+01              33.606           5.700e+00             305.297           3.619e+01     
  24.000           0.000            5.647e+00          -3.125e+01              37.667           5.646e+00             300.867           3.695e+01     
  25.000           0.000            5.590e+00          -3.228e+01              43.199           5.590e+00             296.492           3.824e+01     
  26.000           0.000            5.531e+00          -3.359e+01              51.254           5.530e+00             292.173           4.000e+01     
  27.000           0.000            5.467e+00          -3.511e+01              63.670           5.467e+00             287.913           4.000e+01     
  28.000           0.000            5.400e+00          -3.644e+01              82.864           5.400e+00             283.713           4.000e+01     
  29.000           0.000            5.329e+00          -3.665e+01             108.252           5.328e+00             279.575           4.000e+01     
  30.000           0.000            5.252e+00          -3.525e+01             132.101           5.252e+00             275.499           4.000e+01     
  31.000           0.000            5.171e+00          -3.306e+01             148.735           5.171e+00             271.485           3.973e+01     
  32.000           0.000            5.085e+00          -3.085e+01             159.263           5.084e+00             267.535           3.639e+01     
  33.000           0.000            4.992e+00          -2.888e+01             166.050           4.991e+00             263.645           3.394e+01     
  34.000           0.000            4.894e+00          -2.716e+01             170.631           4.891e+00             259.817           3.205e+01     
  35.000           0.000            4.789e+00          -2.566e+01             173.858           4.785e+00             256.050           3.053e+01     
  36.000           0.000            4.678e+00          -2.435e+01             176.213           4.672e+00             252.341           2.928e+01     
  37.000           0.000            4.560e+00          -2.320e+01             177.975           4.552e+00             248.691           2.826e+01     
  38.000           0.000            4.434e+00          -2.219e+01             179.318           4.425e+00             245.096           2.741e+01     
  39.000           0.000            4.302e+00          -2.128e+01             180.355           4.290e+00             241.554           2.672e+01     
  40.000           0.000            4.162e+00          -2.047e+01             181.158           4.147e+00             238.065           2.617e+01     
  41.000           0.000            4.015e+00          -1.975e+01             181.781           3.997e+00             234.625           2.573e+01     
  42.000           0.000            3.861e+00          -1.911e+01             182.259           3.839e+00             231.232           2.541e+01     
  43.000           0.000            3.699e+00          -1.853e+01             182.620           3.673e+00             227.884           2.520e+01     
  44.000           0.000            3.530e+00          -1.801e+01             182.884           3.499e+00             224.578           2.509e+01     
  45.000           0.000            3.354e+00          -1.755e+01             183.064           3.318e+00             221.314           2.508e+01     
  46.000           0.000            3.170e+00          -1.714e+01             183.173           3.130e+00             218.087           2.517e+01     
  47.000           0.000            2.980e+00          -1.678e+01             183.220           2.934e+00             214.895           2.538e+01     
  48.000           0.000            2.783e+00          -1.646e+01             183.212           2.731e+00             211.736           2.569e+01     
  49.000           0.000            2.580e+00          -1.618e+01             183.153           2.522e+00             208.609           2.613e+01     
  50.000           0.000            2.371e+00          -1.594e+01             183.048           2.306e+00             205.510           2.671e+01     
  51.000           0.000            2.156e+00          -1.573e+01             182.901           2.085e+00             202.440           2.746e+01     
  52.000           0.000            1.935e+00          -1.556e+01             182.713           1.857e+00             199.395           2.840e+01     
  53.000           0.000            1.710e+00          -1.542e+01             182.487           1.625e+00             196.374           2.960e+01     
  54.000           0.000            1.479e+00          -1.531e+01             182.223           1.387e+00             193.376           3.114e+01     
  55.000           0.000            1.245e+00          -1.522e+01             181.922           1.145e+00             190.399           3.319e+01     
  56.000           0.000            1.006e+00          -1.516e+01             181.586           8.999e-01             187.444           3.610e+01     
  57.000           0.000            7.641e-01          -1.513e+01             181.213           6.510e-01             184.508           4.000e+01     
  58.000           0.000            5.193e-01          -1.513e+01             180.804           3.993e-01             181.592           4.000e+01     
  59.000           0.000            2.720e-01          -1.514e+01             180.358           1.453e-01             178.695           4.000e+01     
  60.000           0.000            2.273e-02          -1.518e+01             179.873          -1.104e-01             175.817           3.834e+01     
  61.000           0.000           -2.278e-01          -1.524e+01             179.350          -3.671e-01             172.962           3.422e+01     
  62.000           0.000           -4.796e-01          -1.532e+01             178.785          -6.246e-01             170.124           3.142e+01     
  63.000           0.000           -7.318e-01          -1.541e+01             178.177          -8.821e-01             167.308           2.931e+01     
  64.000           0.000           -9.841e-01          -1.553e+01             177.524          -1.139e+00             164.515           2.764e+01     
  65.000           0.000           -1.236e+00          -1.567e+01             176.823          -1.395e+00             161.746           2.627e+01     
  66.000           0.000           -1.487e+00          -1.582e+01             176.072          -1.650e+00             159.004           2.512e+01     
  67.000           0.000           -1.736e+00          -1.599e+01             175.267          -1.903e+00             156.289           2.414e+01     
  68.000           0.000           -1.984e+00          -1.618e+01             174.404          -2.153e+00             153.605           2.331e+01     
  69.000           0.000           -2.230e+00          -1.638e+01             173.479          -2.400e+00             150.955           2.260e+01     
  70.000           0.000           -2.473e+00          -1.659e+01             172.488          -2.645e+00             148.341           2.200e+01     
  71.000           0.000           -2.713e+00          -1.682e+01             171.425          -2.885e+00             145.767           2.149e+01     
  72.000           0.000           -2.951e+00          -1.706e+01             170.286          -3.122e+00             143.235           2.106e+01     
  73.000           0.000           -3.184e+00          -1.732e+01             169.063          -3.356e+00             140.750           2.071e+01     
  74.000           0.000           -3.415e+00          -1.758e+01             167.751          -3.585e+00             138.314           2.043e+01     
  75.000           0.000           -3.642e+00          -1.786e+01             166.342          -3.810e+00             135.932           2.021e+01     
  76.000           0.000           -3.865e+00          -1.814e+01             164.828          -4.030e+00             133.607           2.007e+01     
  77.000           0.000           -4.084e+00          -1.844e+01             163.202          -4.247e+00             131.343           1.998e+01     
  78.000           0.000           -4.300e+00          -1.874e+01             161.456          -4.459e+00             129.144           1.995e+01     
  79.000           0.000           -4.512e+00          -1.904e+01             159.580          -4.668e+00             127.013           1.998e+01     
  80.000           0.000           -4.721e+00          -1.935e+01             157.567          -4.873e+00             124.953           2.006e+01     
  81.000           0.000           -4.926e+00          -1.966e+01             155.408          -5.075e+00             122.969           2.021e+01     
  82.000           0.000           -5.128e+00          -1.997e+01             153.097          -5.273e+00             121.063           2.041e+01     
  83.000           0.000           -5.328e+00          -2.027e+01             150.626          -5.469e+00             119.239           2.068e+01     
  84.000           0.000           -5.525e+00          -2.057e+01             147.994          -5.663e+00             117.499           2.100e+01     
  85.000           0.000           -5.720e+00          -2.085e+01             145.197          -5.855e+00             115.847           2.140e+01     
  86.000           0.000           -5.914e+00          -2.112e+01             142.239          -6.046e+00             114.285           2.187e+01     
  87.000           0.000           -6.106e+00          -2.137e+01             139.125          -6.237e+00             112.816           2.242e+01     
  88.000           0.000           -6.298e+00          -2.160e+01             135.868          -6.428e+00             111.442           2.306e+01     
  89.000           0.000           -6.489e+00          -2.181e+01             132.483          -6.619e+00             110.165           2.382e+01     
  90.000           0.000           -6.682e+00          -2.198e+01             128.993          -6.812e+00             108.988           2.471e+01     
  91.000           0.000           -6.875e+00          -2.212e+01             125.424          -7.007e+00             107.913           2.579e+01     
  92.000           0.000           -7.071e+00          -2.223e+01             121.808          -7.206e+00             106.943           2.709e+01     
  93.000           0.000           -7.269e+00          -2.230e+01             118.177          -7.408e+00             106.079           2.873e+01     
  94.000           0.000           -7.471e+00          -2.233e+01             114.566          -7.615e+00             105.323           3.089e+01     
  95.000           0.000           -7.677e+00          -2.234e+01             111.008          -7.828e+00             104.680           3.396e+01     
  96.000           0.000           -7.888e+00          -2.231e+01             107.534          -8.048e+00             104.150           3.916e+01     
  97.000           0.000           -8.105e+00          -2.225e+01             104.171          -8.276e+00             103.737           4.000e+01     
  98.000           0.000           -8.329e+00          -2.217e+01             100.940          -8.512e+00             103.446           4.000e+01     
  99.000           0.000           -8.561e+00          -2.206e+01              97.857          -8.760e+00             103.279           3.419e+01     
 100.000           0.000           -8.803e+00          -2.194e+01              94.932          -9.019e+00             103.242           3.015e+01     
 101.000           0.000           -9.054e+00          -2.181e+01              92.172          -9.291e+00             103.340           2.723e+01     
 102.000           0.000           -9.317e+00          -2.167e+01              89.578          -9.577e+00             103.580           2.491e+01     
 103.000           0.000           -9.592e+00          -2.152e+01              87.147          -9.880e+00             103.970           2.294e+01     
 104.000           0.000           -9.881e+00          -2.137e+01              84.874          -1.020e+01             104.520           2.121e+01     
 105.000           0.000           -1.019e+01          -2.122e+01              82.752          -1.054e+01             105.243           1.965e+01     
 106.000           0.000           -1.051e+01          -2.108e+01              80.773          -1.090e+01             106.151           1.820e+01     
 107.000           0.000           -1.084e+01          -2.095e+01              78.926          -1.129e+01             107.265           1.684e+01     
 108.000           0.000           -1.120e+01          -2.082e+01              77.202          -1.170e+01             108.606           1.554e+01     
 109.000           0.000           -1.158e+01          -2.071e+01              75.589          -1.215e+01             110.202           1.429e+01     
 110.000           0.000           -1.198e+01          -2.061e+01              74.078          -1.262e+01             112.089           1.306e+01     
 111.000           0.000           -1.240e+01          -2.052e+01              72.657          -1.312e+01             114.310           1.185e+01     
 112.000           0.000           -1.284e+01          -2.045e+01              71.316          -1.366e+01             116.922           1.064e+01     
 113.000           0.000           -1.330e+01          -2.040e+01              70.045          -1.424e+01             119.994           9.430e+00     
 114.000           0.000           -1.378e+01          -2.038e+01              68.833          -1.485e+01             123.614           8.205e+00     
 115.000           0.000           -1.426e+01          -2.037e+01              67.670          -1.549e+01             127.891           6.963e+00     
 116.000           0.000           -1.476e+01          -2.038e+01              66.546          -1.615e+01             132.954           5.707e+00     
 117.000           0.000           -1.524e+01          -2.043e+01              65.449          -1.681e+01             138.946           4.460e+00     
 118.000           0.000           -1.570e+01          -2.049e+01              64.369          -1.744e+01             146.006           3.316e+00     
 119.000           0.000           -1.610e+01          -2.059e+01              63.293          -1.801e+01             154.225           2.589e+00     
 120.000           0.000           -1.642e+01          -2.072e+01              62.210          -1.844e+01             163.564           2.874e+00     
 121.000           0.000           -1.663e+01          -2.088e+01              61.105          -1.868e+01             173.821           4.196e+00     
 122.000           0.000           -1.670e+01          -2.107e+01              59.961          -1.868e+01             184.546           6.146e+00     
 123.000           0.000           -1.663e+01          -2.131e+01              58.762          -1.844e+01             195.174           8.591e+00     
 124.000           0.000           -1.640e+01          -2.158e+01              57.485          -1.797e+01             205.189           1.161e+01     
 125.000           0.000           -1.605e+01          -2.190e+01              56.105          -1.735e+01             214.268           1.551e+01     
 126.000           0.000           -1.559e+01          -2.226e+01              54.591          -1.664e+01             222.305           2.110e+01     
 127.000           0.000           -1.506e+01          -2.268e+01              52.903          -1.589e+01             229.346           3.258e+01     
 128.000           0.000           -1.449e+01          -2.315e+01              50.994          -1.513e+01             235.519           3.134e+01     
 129.000           0.000           -1.391e+01          -2.368e+01              48.800          -1.439e+01             240.969           2.374e+01     
 130.000           0.000           -1.332e+01          -2.427e+01              46.240          -1.368e+01             245.835           2.073e+01     
 131.000           0.000           -1.275e+01          -2.492e+01              43.209          -1.302e+01             250.238           1.920e+01     
 132.000           0.000           -1.219e+01          -2.565e+01              39.568          -1.239e+01             254.278           1.842e+01     
 133.000           0.000           -1.167e+01          -2.643e+01              35.137          -1.181e+01             258.034           1.812e+01     
 134.000           0.000           -1.117e+01          -2.725e+01              29.693          -1.128e+01             261.574           1.815e+01     
 135.000           0.000           -1.070e+01          -2.810e+01              22.978          -1.078e+01             264.949           1.843e+01     
 136.000           0.000           -1.027e+01          -2.889e+01              14.760          -1.033e+01             268.202           1.894e+01     
 137.000           0.000           -9.870e+00          -2.956e+01               4.938          -9.917e+00             271.369           1.966e+01     
 138.000           0.000           -9.502e+00          -2.998e+01             353.766          -9.541e+00             274.482           2.059e+01     
 139.000           0.000           -9.166e+00          -3.007e+01             341.956          -9.201e+00             277.563           2.178e+01     
 140.000           0.000           -8.861e+00          -2.981e+01             330.502          -8.896e+00             280.637           2.328e+01     
 141.000           0.000           -8.587e+00          -2.928e+01             320.248          -8.624e+00             283.721           2.521e+01     
 142.000           0.000           -8.342e+00          -2.858e+01             311.593          -8.383e+00             286.834           2.783e+01     
 143.000           0.000           -8.125e+00          -2.782e+01             304.535          -8.172e+00             289.991           3.174e+01     
 144.000           0.000           -7.937e+00          -2.707e+01             298.869          -7.990e+00             293.207           3.931e+01     
 145.000           0.000           -7.775e+00          -2.637e+01             294.334          -7.835e+00             296.495           4.000e+01     
 146.000           0.000           -7.639e+00          -2.575e+01             290.695          -7.706e+00             299.869           3.412e+01     
 147.000           0.000           -7.526e+00          -2.520e+01             287.758          -7.601e+00             303.341           2.915e+01     
 148.000           0.000           -7.437e+00          -2.474e+01             285.376          -7.518e+00             306.922           2.606e+01     
 149.000           0.000           -7.369e+00          -2.436e+01             283.430          -7.456e+00             310.621           2.385e+01     
 150.000           0.000           -7.319e+00          -2.407e+01             281.841          -7.412e+00             314.449           2.217e+01     
 151.000           0.000           -7.288e+00          -2.388e+01             280.540          -7.384e+00             318.415           2.085e+01     
 152.000           0.000           -7.271e+00          -2.376e+01             279.477          -7.369e+00             322.524           1.982e+01     
 153.000           0.000           -7.267e+00          -2.374e+01             278.614          -7.366e+00             326.781           1.902e+01     
 154.000           0.000           -7.272e+00          -2.382e+01             277.923          -7.370e+00             331.188           1.844e+01     
 155.000           0.000           -7.285e+00          -2.399e+01             277.381          -7.379e+00             335.745           1.806e+01     
 156.000           0.000           -7.301e+00          -2.427e+01             276.972          -7.390e+00             340.446           1.788e+01     
 157.000           0.000           -7.318e+00          -2.466e+01             276.685          -7.399e+00             345.284           1.790e+01     
 158.000           0.000           -7.333e+00          -2.518e+01             276.514          -7.405e+00             350.247           1.814e+01     
 159.000           0.000           -7.342e+00          -2.585e+01             276.458          -7.404e+00             355.320           1.862e+01     
 160.000           0.000           -7.344e+00          -2.670e+01             276.519          -7.395e+00               0.484           1.935e+01     
 161.000           0.000           -7.336e+00          -2.776e+01             276.727          -7.375e+00               5.718           2.039e+01     
 162.000           0.000           -7.316e+00          -2.911e+01             277.117          -7.345e+00              11.000           2.179e+01     
 163.000           0.000           -7.285e+00          -3.085e+01             277.777          -7.304e+00              16.306           2.365e+01     
 164.000           0.000           -7.242e+00          -3.320e+01             278.918          -7.253e+00              21.614           2.616e+01     
 165.000           0.000           -7.188e+00          -3.661e+01             281.193          -7.193e+00              26.905           2.975e+01     
 166.000           0.000           -7.125e+00          -4.254e+01             287.858          -7.126e+00              32.159           3.568e+01     
 167.000           0.000           -7.055e+00          -5.536e+01              14.619          -7.055e+00              37.364           4.000e+01     
 168.000           0.000           -6.980e+00          -4.184e+01              83.351          -6.981e+00              42.510           3.855e+01     
 169.000           0.000           -6.903e+00          -3.613e+01              89.486          -6.908e+00              47.591           3.274e+01     
 170.000           0.000           -6.827e+00          -3.274e+01              91.864          -6.839e+00              52.604           2.989e+01     
 171.000           0.000           -6.756e+00          -3.037e+01              93.269          -6.775e+00              57.552           2.829e+01     
 172.000           0.000           -6.691e+00          -2.858e+01              94.315          -6.719e+00              62.439           2.744e+01     
 173.000           0.000           -6.635e+00          -2.717e+01              95.205          -6.673e+00              67.273           2.715e+01     
 174.000           0.000           -6.590e+00          -2.605e+01              96.028          -6.639e+00              72.064           2.732e+01     
 175.000           0.000           -6.557e+00          -2.514e+01              96.832          -6.618e+00              76.822           2.795e+01     
 176.000           0.000           -6.539e+00          -2.442e+01              97.646          -6.610e+00              81.559           2.909e+01     
 177.000           0.000           -6.535e+00          -2.385e+01              98.491          -6.617e+00              86.289           3.088e+01     
 178.000           0.000           -6.547e+00          -2.341e+01              99.384          -6.637e+00              91.024           3.370e+01     
 179.000           0.000           -6.573e+00          -2.309e+01             100.341          -6.671e+00              95.778           3.860e+01     
 180.000           0.000           -6.614e+00          -2.289e+01             101.380          -6.718e+00             100.560           4.000e+01     
 179.000         180.000           -6.668e+00          -2.279e+01             282.516          -6.776e+00             285.384           4.000e+01     
 178.000         180.000           -6.735e+00          -2.280e+01             283.775          -6.844e+00             290.259           3.511e+01     
 177.000         180.000           -6.813e+00          -2.291e+01             285.186          -6.921e+00             295.192           3.140e+01     
 176.000         180.000           -6.898e+00          -2.313e+01             286.785          -7.003e+00             300.189           2.902e+01     
 175.000         180.000           -6.989e+00          -2.346e+01             288.621          -7.088e+00             305.251           2.742e+01     
 174.000         180.000           -7.083e+00          -2.391e+01             290.764          -7.175e+00             310.378           2.638e+01     
 173.000         180.000           -7.177e+00          -2.448e+01             293.307          -7.259e+00             315.566           2.579e+01     
 172.000         180.000           -7.268e+00          -2.518e+01             296.388          -7.339e+00             320.807           2.563e+01     
 171.000         180.000           -7.353e+00          -2.602e+01             300.211          -7.413e+00             326.089           2.591e+01     
 170.000         180.000           -7.429e+00          -2.702e+01             305.084          -7.477e+00             331.398           2.669e+01     
 169.000         180.000           -7.494e+00          -2.818e+01             311.477          -7.531e+00             336.715           2.811e+01     
 168.000         180.000           -7.547e+00          -2.946e+01             320.101          -7.575e+00             342.024           3.049e+01     
 167.000         180.000           -7.585e+00          -3.075e+01             331.888          -7.606e+00             347.303           3.469e+01     
 166.000         180.000           -7.610e+00          -3.181e+01             347.563          -7.626e+00             352.534           4.000e+01     
 165.000         180.000           -7.620e+00          -3.223e+01               6.352          -7.636e+00             357.698           4.000e+01     
 164.000         180.000           -7.619e+00          -3.179e+01              25.162          -7.635e+00               2.778           3.257e+01     
 163.000         180.000           -7.606e+00          -3.072e+01              40.902          -7.628e+00               7.760           2.836e+01     
 162.000         180.000           -7.585e+00          -2.940e+01              52.800          -7.614e+00              12.635           2.563e+01     
 161.000         180.000           -7.558e+00          -2.809e+01              61.585          -7.596e+00              17.394           2.367e+01     
 160.000         180.000           -7.526e+00          -2.691e+01              68.189          -7.577e+00              22.034           2.222e+01     
 159.000         180.000           -7.494e+00          -2.588e+01              73.319          -7.557e+00              26.552           2.113e+01     
 158.000         180.000           -7.463e+00          -2.499e+01              77.454          -7.540e+00              30.951           2.031e+01     
 157.000         180.000           -7.435e+00          -2.424e+01              80.903          -7.526e+00              35.234           1.971e+01     
 156.000         180.000           -7.412e+00          -2.361e+01              83.873          -7.518e+00              39.406           1.929e+01     
 155.000         180.000           -7.397e+00          -2.309e+01              86.504          -7.515e+00              43.474           1.902e+01     
 154.000         180.000           -7.389e+00          -2.267e+01              88.897          -7.519e+00              47.444           1.889e+01     
 153.000         180.000           -7.390e+00          -2.235e+01              91.126          -7.531e+00              51.325           1.886e+01     
 152.000         180.000           -7.400e+00          -2.211e+01              93.245          -7.550e+00              55.124           1.894e+01     
 151.000         180.000           -7.420e+00          -2.195e+01              95.301          -7.576e+00              58.850           1.910e+01     
 150.000         180.000           -7.450e+00          -2.187e+01              97.330          -7.610e+00              62.510           1.935e+01     
 149.000         180.000           -7.488e+00          -2.186e+01              99.368          -7.650e+00              66.112           1.966e+01     
 148.000         180.000           -7.534e+00          -2.192e+01             101.446          -7.696e+00              69.660           2.003e+01     
 147.000         180.000           -7.588e+00          -2.205e+01             103.597          -7.747e+00              73.163           2.045e+01     
 146.000         180.000           -7.648e+00          -2.225e+01             105.855          -7.802e+00              76.625           2.091e+01     
 145.000         180.000           -7.713e+00          -2.252e+01             108.257          -7.859e+00              80.049           2.140e+01     
 144.000         180.000           -7.782e+00          -2.285e+01             110.850          -7.919e+00              83.439           2.189e+01     
 143.000         180.000           -7.852e+00          -2.326e+01             113.684          -7.979e+00              86.795           2.237e+01     
 142.000         180.000           -7.922e+00          -2.373e+01             116.825          -8.037e+00              90.118           2.282e+01     
 141.000         180.000           -7.990e+00          -2.426e+01             120.351          -8.094e+00              93.408           2.321e+01     
 140.000         180.000           -8.055e+00          -2.486e+01             124.362          -8.147e+00              96.662           2.351e+01     
 139.000         180.000           -8.115e+00          -2.552e+01             128.978          -8.195e+00              99.879           2.371e+01     
 138.000         180.000           -8.168e+00          -2.622e+01             134.348          -8.237e+00             103.055           2.377e+01     
 137.000         180.000           -8.213e+00          -2.695e+01             140.636          -8.272e+00             106.184           2.371e+01     
 136.000         180.000           -8.249e+00          -2.767e+01             148.008          -8.299e+00             109.263           2.350e+01     
 135.000         180.000           -8.274e+00          -2.833e+01             156.575          -8.317e+00             112.284           2.318e+01     
 134.000         180.000           -8.289e+00          -2.887e+01             166.315          -8.327e+00             115.244           2.276e+01     
 133.000         180.000           -8.291e+00          -2.921e+01             176.972          -8.327e+00             118.136           2.226e+01     
 132.000         180.000           -8.282e+00          -2.930e+01             188.030          -8.317e+00             120.955           2.171e+01     
 131.000         180.000           -8.261e+00          -2.912e+01             198.840          -8.297e+00             123.695           2.113e+01     
 130.000         180.000           -8.229e+00          -2.874e+01             208.836          -8.268e+00             126.352           2.054e+01     
 129.000         180.000           -8.185e+00          -2.820e+01             217.700          -8.229e+00             128.921           1.997e+01     
 128.000         180.000           -8.131e+00          -2.758e+01             225.360          -8.180e+00             131.399           1.942e+01     
 127.000         180.000           -8.066e+00          -2.694e+01             231.906          -8.123e+00             133.784           1.891e+01     
 126.000         180.000           -7.993e+00          -2.631e+01             237.493          -8.057e+00             136.072           1.843e+01     
 125.000         180.000           -7.911e+00          -2.571e+01             242.291          -7.984e+00             138.264           1.800e+01     
 124.000         180.000           -7.821e+00          -2.515e+01             246.447          -7.902e+00             140.358           1.761e+01     
 123.000         180.000           -7.725e+00          -2.464e+01             250.089          -7.814e+00             142.355           1.727e+01     
 122.000         180.000           -7.622e+00          -2.418e+01             253.317          -7.719e+00             144.254           1.697e+01     
 121.000         180.000           -7.515e+00          -2.377e+01             256.211          -7.619e+00             146.058           1.672e+01     
 120.000         180.000           -7.402e+00          -2.340e+01             258.835          -7.513e+00             147.767           1.651e+01     
 119.000         180.000           -7.285e+00          -2.307e+01             261.237          -7.401e+00             149.382           1.635e+01     
 118.000         180.000           -7.164e+00          -2.278e+01             263.460          -7.285e+00             150.908           1.622e+01     
 117.000         180.000           -7.040e+00          -2.253e+01             265.533          -7.165e+00             152.346           1.613e+01     
 116.000         180.000           -6.913e+00          -2.231e+01             267.483          -7.040e+00             153.697           1.608e+01     
 115.000         180.000           -6.783e+00          -2.212e+01             269.330          -6.912e+00             154.965           1.606e+01     
 114.000         180.000           -6.650e+00          -2.196e+01             271.091          -6.780e+00             156.151           1.608e+01     
 113.000         180.000           -6.516e+00          -2.183e+01             272.779          -6.645e+00             157.257           1.612e+01     
 112.000         180.000           -6.378e+00          -2.172e+01             274.406          -6.507e+00             158.287           1.620e+01     
 111.000         180.000           -6.239e+00          -2.163e+01             275.981          -6.366e+00             159.241           1.630e+01     
 110.000         180.000           -6.098e+00          -2.157e+01             277.512          -6.223e+00             160.123           1.643e+01     
 109.000         180.000           -5.954e+00          -2.152e+01             279.004          -6.077e+00             160.932           1.659e+01     
 108.000         180.000           -5.809e+00          -2.149e+01             280.464          -5.928e+00             161.672           1.676e+01     
 107.000         180.000           -5.662e+00          -2.147e+01             281.893          -5.777e+00             162.343           1.697e+01     
 106.000         180.000           -5.512e+00          -2.147e+01             283.297          -5.624e+00             162.947           1.719e+01     
 105.000         180.000           -5.361e+00          -2.148e+01             284.677          -5.468e+00             163.485           1.743e+01     
 104.000         180.000           -5.208e+00          -2.151e+01             286.034          -5.311e+00             163.957           1.769e+01     
 103.000         180.000           -5.053e+00          -2.154e+01             287.369          -5.151e+00             164.366           1.798e+01     
 102.000         180.000           -4.896e+00          -2.158e+01             288.683          -4.990e+00             164.710           1.828e+01     
 101.000         180.000           -4.737e+00          -2.163e+01             289.976          -4.826e+00             164.991           1.859e+01     
 100.000         180.000           -4.576e+00          -2.168e+01             291.245          -4.661e+00             165.210           1.893e+01     
  99.000         180.000           -4.413e+00          -2.175e+01             292.490          -4.494e+00             165.365           1.928e+01     
  98.000         180.000           -4.248e+00          -2.181e+01             293.709          -4.325e+00             165.459           1.964e+01     
  97.000         180.000           -4.082e+00          -2.188e+01             294.900          -4.155e+00             165.491           2.003e+01     
  96.000         180.000           -3.914e+00          -2.195e+01             296.058          -3.983e+00             165.460           2.042e+01     
  95.000         180.000           -3.744e+00          -2.203e+01             297.182          -3.809e+00             165.367           2.083e+01     
  94.000         180.000           -3.573e+00          -2.210e+01             298.267          -3.634e+00             165.212           2.125e+01     
  93.000         180.000           -3.400e+00          -2.218e+01             299.309          -3.458e+00             164.996           2.169e+01     
  92.000         180.000           -3.225e+00          -2.226e+01             300.304          -3.280e+00             164.716           2.214e+01     
  91.000         180.000           -3.050e+00          -2.234e+01             301.247          -3.101e+00             164.375           2.260e+01     
  90.000         180.000           -2.872e+00          -2.242e+01             302.132          -2.921e+00             163.970           2.307e+01     
  89.000         180.000           -2.694e+00          -2.250e+01             302.954          -2.740e+00             163.503           2.355e+01     
  88.000         180.000           -2.515e+00          -2.258e+01             303.708          -2.558e+00             162.973           2.404e+01     
  87.000         180.000           -2.335e+00          -2.266e+01             304.388          -2.375e+00             162.380           2.455e+01     
  86.000         180.000           -2.153e+00          -2.273e+01             304.988          -2.192e+00             161.724           2.506e+01     
  85.000         180.000           -1.972e+00          -2.281e+01             305.501          -2.007e+00             161.004           2.557e+01     
  84.000         180.000           -1.789e+00          -2.289e+01             305.922          -1.823e+00             160.221           2.609e+01     
  83.000         180.000           -1.606e+00          -2.296e+01             306.244          -1.638e+00             159.374           2.662e+01     
  82.000         180.000           -1.423e+00          -2.304e+01             306.460          -1.453e+00             158.463           2.715e+01     
  81.000         180.000           -1.239e+00          -2.312e+01             306.564          -1.267e+00             157.489           2.767e+01     
  80.000         180.000           -1.056e+00          -2.319e+01             306.549          -1.082e+00             156.450           2.820e+01     
  79.000         180.000           -8.720e-01          -2.327e+01             306.408          -8.971e-01             155.347           2.871e+01     
  78.000         180.000           -6.888e-01          -2.334e+01             306.134          -7.124e-01             154.180           2.922e+01     
  77.000         180.000           -5.059e-01          -2.342e+01             305.721          -5.282e-01             152.949           2.972e+01     
  76.000         180.000           -3.236e-01          -2.350e+01             305.160          -3.446e-01             151.654           3.020e+01     
  75.000         180.000           -1.420e-01          -2.357e+01             304.446          -1.618e-01             150.294           3.065e+01     
  74.000         180.000            3.864e-02          -2.364e+01             303.572           2.000e-02             148.869           3.108e+01     
  73.000         180.000            2.183e-01          -2.372e+01             302.530           2.007e-01             147.380           3.148e+01     
  72.000         180.000            3.966e-01          -2.379e+01             301.316           3.800e-01             145.826           3.184e+01     
  71.000         180.000            5.736e-01          -2.385e+01             299.924           5.579e-01             144.207           3.215e+01     
  70.000         180.000            7.491e-01          -2.391e+01             298.350           7.342e-01             142.524           3.243e+01     
  69.000         180.000            9.228e-01          -2.397e+01             296.590           9.087e-01             140.775           3.265e+01     
  68.000         180.000            1.095e+00          -2.402e+01             294.645           1.081e+00             138.961           3.283e+01     
  67.000         180.000            1.264e+00          -2.405e+01             292.515           1.252e+00             137.081           3.295e+01     
  66.000         180.000            1.432e+00          -2.408e+01             290.203           1.420e+00             135.136           3.302e+01     
  65.000         180.000            1.597e+00          -2.409e+01             287.719           1.585e+00             133.125           3.305e+01     
  64.000         180.000            1.759e+00          -2.409e+01             285.071           1.748e+00             131.048           3.302e+01     
  63.000         180.000            1.919e+00          -2.406e+01             282.274           1.908e+00             128.904           3.296e+01     
  62.000         180.000            2.076e+00          -2.402e+01             279.347           2.066e+00             126.694           3.286e+01     
  61.000         180.000            2.231e+00          -2.396e+01             276.310           2.220e+00             124.416           3.273e+01     
  60.000         180.000            2.382e+00          -2.387e+01             273.189           2.371e+00             122.073           3.258e+01     
  59.000         180.000            2.530e+00          -2.376e+01             270.007           2.519e+00             119.661           3.241e+01     
  58.000         180.000            2.674e+00          -2.363e+01             266.791           2.664e+00             117.180           3.223e+01     
  57.000         180.000            2.815e+00          -2.348e+01             263.569           2.805e+00             114.631           3.204e+01     
  56.000         180.000            2.953e+00          -2.331e+01             260.365           2.943e+00             112.012           3.186e+01     
  55.000         180.000            3.088e+00          -2.312e+01             257.201           3.077e+00             109.325           3.170e+01     
  54.000         180.000            3.218e+00          -2.292e+01             254.097           3.208e+00             106.568           3.154e+01     
  53.000         180.000            3.346e+00          -2.271e+01             251.067           3.335e+00             103.741           3.142e+01     
  52.000         180.000            3.469e+00          -2.250e+01             248.124           3.458e+00             100.844           3.131e+01     
  51.000         180.000            3.589e+00          -2.228e+01             245.276           3.578e+00              97.876           3.125e+01     
  50.000         180.000            3.706e+00          -2.207e+01             242.526           3.694e+00              94.838           3.122e+01     
  49.000         180.000            3.819e+00          -2.186e+01             239.876           3.807e+00              91.729           3.123e+01     
  48.000         180.000            3.929e+00          -2.166e+01             237.323           3.917e+00              88.549           3.130e+01     
  47.000         180.000            4.035e+00          -2.147e+01             234.865           4.023e+00              85.299           3.142e+01     
  46.000         180.000            4.138e+00          -2.130e+01             232.495           4.125e+00              81.979           3.160e+01     
  45.000         180.000            4.237e+00          -2.115e+01             230.205           4.225e+00              78.589           3.185e+01     
  44.000         180.000            4.334e+00          -2.102e+01             227.988           4.321e+00              75.131           3.218e+01     
  43.000         180.000            4.427e+00          -2.092e+01             225.831           4.415e+00              71.603           3.259e+01     
  42.000         180.000            4.518e+00          -2.084e+01             223.725           4.505e+00              68.007           3.308e+01     
  41.000         180.000            4.606e+00          -2.079e+01             221.658           4.593e+00              64.345           3.368e+01     
  40.000         180.000            4.691e+00          -2.078e+01             219.617           4.679e+00              60.617           3.439e+01     
  39.000         180.000            4.774e+00          -2.080e+01             217.586           4.762e+00              56.824           3.523e+01     
  38.000         180.000            4.854e+00          -2.086e+01             215.550           4.842e+00              52.968           3.620e+01     
  37.000         180.000            4.931e+00          -2.096e+01             213.491           4.920e+00              49.051           3.733e+01     
  36.000         180.000            5.007e+00          -2.110e+01             211.386           4.996e+00              45.074           3.864e+01     
  35.000         180.000            5.080e+00          -2.130e+01             209.212           5.070e+00              41.039           4.000e+01     
  34.000         180.000            5.151e+00          -2.154e+01             206.939           5.142e+00              36.947           4.000e+01     
  33.000         180.000            5.220e+00          -2.184e+01             204.530           5.211e+00              32.800           4.000e+01     
  32.000         180.000            5.287e+00          -2.219e+01             201.939           5.279e+00              28.601           4.000e+01     
  31.000         180.000            5.351e+00          -2.261e+01             199.113           5.344e+00              24.352           4.000e+01     
  30.000         180.000            5.414e+00          -2.310e+01             195.974           5.408e+00              20.053           4.000e+01     
  29.000         180.000            5.474e+00          -2.365e+01             192.428           5.469e+00              15.706           4.000e+01     
  28.000         180.000            5.533e+00          -2.428e+01             188.351           5.528e+00              11.313           4.000e+01     
  27.000         180.000            5.589e+00          -2.497e+01             183.580           5.585e+00               6.876           4.000e+01     
  26.000         180.000            5.643e+00          -2.572e+01             177.910           5.640e+00               2.396           4.000e+01     
  25.000         180.000            5.695e+00          -2.651e+01             171.090           5.693e+00             357.876           4.000e+01     
  24.000         180.000            5.745e+00          -2.729e+01             162.859           5.743e+00             353.315           4.000e+01     
  23.000         180.000            5.793e+00          -2.799e+01             153.038           5.791e+00             348.717           4.000e+01     
  22.000         180.000            5.839e+00          -2.849e+01             141.701           5.837e+00             344.081           4.000e+01     
  21.000         180.000            5.882e+00          -2.869e+01             129.366           5.881e+00             339.409           4.000e+01     
  20.000         180.000            5.923e+00          -2.854e+01             116.969           5.922e+00             334.704           3.873e+01     
  19.000         180.000            5.962e+00          -2.807e+01             105.475           5.961e+00             329.964           3.712e+01     
  18.000         180.000            5.999e+00          -2.740e+01              95.498           5.997e+00             325.193           3.575e+01     
  17.000         180.000            6.034e+00          -2.662e+01              87.186           6.032e+00             320.391           3.458e+01     
  16.000         180.000            6.067e+00          -2.583e+01              80.392           6.064e+00             315.561           3.361e+01     
  15.000         180.000            6.098e+00          -2.508e+01              74.863           6.095e+00             310.703           3.282e+01     
  14.000         180.000            6.127e+00          -2.439e+01              70.345           6.123e+00             305.820           3.219e+01     
  13.000         180.000            6.155e+00          -2.377e+01              66.626           6.150e+00             300.913           3.174e+01     
  12.000         180.000            6.180e+00          -2.325e+01              63.539           6.175e+00             295.985           3.144e+01     
  11.000         180.000            6.204e+00          -2.281e+01              60.956           6.198e+00             291.038           3.131e+01     
  10.000         180.000            6.226e+00          -2.245e+01              58.783           6.220e+00             286.075           3.135e+01     
   9.000         180.000            6.246e+00          -2.217e+01              56.949           6.239e+00             281.096           3.156e+01     
   8.000         180.000            6.264e+00          -2.198e+01              55.400           6.258e+00             276.105           3.196e+01     
   7.000         180.000            6.281e+00          -2.187e+01              54.098           6.274e+00             271.104           3.256e+01     
   6.000         180.000            6.296e+00          -2.184e+01              53.014           6.289e+00             266.096           3.340e+01     
   5.000         180.000            6.308e+00          -2.189e+01              52.129           6.302e+00             261.083           3.451e+01     
   4.000         180.000            6.319e+00          -2.203e+01              51.430           6.313e+00             256.068           3.595e+01     
   3.000         180.000            6.328e+00          -2.225e+01              50.914           6.322e+00             251.053           3.785e+01     
   2.000         180.000            6.335e+00          -2.256e+01              50.582           6.329e+00             246.039           4.000e+01     
   1.000         180.000            6.339e+00          -2.297e+01              50.445           6.334e+00             241.028           4.000e+01     
