Theta [deg.]  Phi   [deg.]  Abs(Dir.)[dBi   ]   Abs(Theta)[dBi   ]  Phase(Theta)[deg.]  Abs(Phi  )[dBi   ]  Phase(Phi  )[deg.]  Ax.Ratio[dB    ]    
------------------------------------------------------------------------------------------------------------------------------------------------------
   0.000           0.000            5.507e+00          -2.043e+01             262.685           5.496e+00              60.104           3.426e+01     
   1.000           0.000            5.494e+00          -2.036e+01             264.208           5.483e+00              61.271           3.405e+01     
   2.000           0.000            5.481e+00          -2.041e+01             265.891           5.469e+00              62.450           3.391e+01     
   3.000           0.000            5.467e+00          -2.058e+01             267.794           5.457e+00              63.650           3.382e+01     
   4.000           0.000            5.454e+00          -2.086e+01             269.992           5.444e+00              64.874           3.376e+01     
   5.000           0.000            5.441e+00          -2.126e+01             272.583           5.432e+00              66.129           3.373e+01     
   6.000           0.000            5.428e+00          -2.178e+01             275.698           5.420e+00              67.420           3.370e+01     
   7.000           0.000            5.415e+00          -2.243e+01             279.526           5.408e+00              68.750           3.367e+01     
   8.000           0.000            5.402e+00          -2.321e+01             284.329           5.396e+00              70.124           3.361e+01     
   9.000           0.000            5.390e+00          -2.410e+01             290.485           5.386e+00              71.545           3.353e+01     
  10.000           0.000            5.379e+00          -2.508e+01             298.504           5.375e+00              73.015           3.340e+01     
  11.000           0.000            5.369e+00          -2.605e+01             308.973           5.366e+00              74.537           3.321e+01     
  12.000           0.000            5.360e+00          -2.684e+01             322.290           5.357e+00              76.110           3.297e+01     
  13.000           0.000            5.352e+00          -2.718e+01             337.971           5.350e+00              77.735           3.266e+01     
  14.000           0.000            5.346e+00          -2.692e+01             354.224           5.344e+00              79.411           3.230e+01     
  15.000           0.000            5.342e+00          -2.611e+01               8.869           5.339e+00              81.136           3.188e+01     
  16.000           0.000            5.340e+00          -2.500e+01              20.795           5.336e+00              82.909           3.141e+01     
  17.000           0.000            5.340e+00          -2.381e+01              30.077           5.335e+00              84.724           3.091e+01     
  18.000           0.000            5.342e+00          -2.265e+01              37.268           5.335e+00              86.579           3.039e+01     
  19.000           0.000            5.347e+00          -2.159e+01              42.935           5.338e+00              88.468           2.986e+01     
  20.000           0.000            5.353e+00          -2.064e+01              47.517           5.342e+00              90.386           2.934e+01     
  21.000           0.000            5.362e+00          -1.980e+01              51.326           5.349e+00              92.329           2.882e+01     
  22.000           0.000            5.372e+00          -1.906e+01              54.583           5.357e+00              94.289           2.833e+01     
  23.000           0.000            5.384e+00          -1.843e+01              57.443           5.366e+00              96.259           2.787e+01     
  24.000           0.000            5.397e+00          -1.788e+01              60.014           5.376e+00              98.235           2.745e+01     
  25.000           0.000            5.410e+00          -1.741e+01              62.379           5.387e+00             100.209           2.707e+01     
  26.000           0.000            5.423e+00          -1.701e+01              64.598           5.398e+00             102.176           2.674e+01     
  27.000           0.000            5.436e+00          -1.669e+01              66.720           5.409e+00             104.131           2.646e+01     
  28.000           0.000            5.447e+00          -1.642e+01              68.783           5.419e+00             106.067           2.623e+01     
  29.000           0.000            5.457e+00          -1.621e+01              70.818           5.427e+00             107.981           2.606e+01     
  30.000           0.000            5.464e+00          -1.606e+01              72.852           5.433e+00             109.867           2.594e+01     
  31.000           0.000            5.468e+00          -1.596e+01              74.909           5.436e+00             111.722           2.588e+01     
  32.000           0.000            5.467e+00          -1.590e+01              77.009           5.436e+00             113.544           2.588e+01     
  33.000           0.000            5.463e+00          -1.588e+01              79.173           5.431e+00             115.328           2.594e+01     
  34.000           0.000            5.453e+00          -1.591e+01              81.419           5.421e+00             117.073           2.606e+01     
  35.000           0.000            5.438e+00          -1.597e+01              83.764           5.407e+00             118.778           2.624e+01     
  36.000           0.000            5.417e+00          -1.606e+01              86.225           5.386e+00             120.440           2.649e+01     
  37.000           0.000            5.389e+00          -1.618e+01              88.818           5.358e+00             122.059           2.680e+01     
  38.000           0.000            5.353e+00          -1.632e+01              91.556           5.324e+00             123.635           2.718e+01     
  39.000           0.000            5.311e+00          -1.649e+01              94.454           5.282e+00             125.167           2.765e+01     
  40.000           0.000            5.260e+00          -1.667e+01              97.519           5.232e+00             126.656           2.819e+01     
  41.000           0.000            5.201e+00          -1.686e+01             100.760           5.174e+00             128.102           2.883e+01     
  42.000           0.000            5.135e+00          -1.705e+01             104.177           5.108e+00             129.506           2.958e+01     
  43.000           0.000            5.059e+00          -1.724e+01             107.766           5.033e+00             130.867           3.045e+01     
  44.000           0.000            4.975e+00          -1.743e+01             111.517           4.950e+00             132.188           3.147e+01     
  45.000           0.000            4.882e+00          -1.760e+01             115.410           4.857e+00             133.468           3.267e+01     
  46.000           0.000            4.780e+00          -1.775e+01             119.416           4.756e+00             134.709           3.413e+01     
  47.000           0.000            4.669e+00          -1.788e+01             123.502           4.645e+00             135.912           3.592e+01     
  48.000           0.000            4.550e+00          -1.798e+01             127.626           4.525e+00             137.078           3.824e+01     
  49.000           0.000            4.421e+00          -1.805e+01             131.741           4.397e+00             138.207           4.000e+01     
  50.000           0.000            4.284e+00          -1.809e+01             135.800           4.259e+00             139.302           4.000e+01     
  51.000           0.000            4.139e+00          -1.810e+01             139.759           4.113e+00             140.362           4.000e+01     
  52.000           0.000            3.984e+00          -1.808e+01             143.575           3.957e+00             141.390           4.000e+01     
  53.000           0.000            3.822e+00          -1.805e+01             147.216           3.793e+00             142.385           4.000e+01     
  54.000           0.000            3.651e+00          -1.799e+01             150.653           3.621e+00             143.350           3.958e+01     
  55.000           0.000            3.472e+00          -1.792e+01             153.868           3.440e+00             144.284           3.699e+01     
  56.000           0.000            3.285e+00          -1.784e+01             156.850           3.251e+00             145.189           3.504e+01     
  57.000           0.000            3.090e+00          -1.775e+01             159.592           3.054e+00             146.066           3.349e+01     
  58.000           0.000            2.888e+00          -1.766e+01             162.096           2.850e+00             146.916           3.222e+01     
  59.000           0.000            2.679e+00          -1.758e+01             164.365           2.638e+00             147.739           3.116e+01     
  60.000           0.000            2.462e+00          -1.750e+01             166.406           2.418e+00             148.536           3.026e+01     
  61.000           0.000            2.239e+00          -1.742e+01             168.226           2.192e+00             149.310           2.949e+01     
  62.000           0.000            2.010e+00          -1.736e+01             169.835           1.959e+00             150.058           2.882e+01     
  63.000           0.000            1.774e+00          -1.731e+01             171.243           1.720e+00             150.784           2.825e+01     
  64.000           0.000            1.532e+00          -1.727e+01             172.459           1.474e+00             151.487           2.777e+01     
  65.000           0.000            1.284e+00          -1.724e+01             173.490           1.222e+00             152.170           2.736e+01     
  66.000           0.000            1.030e+00          -1.722e+01             174.346           9.651e-01             152.831           2.701e+01     
  67.000           0.000            7.719e-01          -1.722e+01             175.033           7.024e-01             153.474           2.674e+01     
  68.000           0.000            5.083e-01          -1.723e+01             175.557           4.346e-01             154.098           2.653e+01     
  69.000           0.000            2.399e-01          -1.726e+01             175.925           1.619e-01             154.706           2.638e+01     
  70.000           0.000           -3.300e-02          -1.729e+01             176.140          -1.154e-01             155.297           2.630e+01     
  71.000           0.000           -3.101e-01          -1.734e+01             176.206          -3.970e-01             155.874           2.628e+01     
  72.000           0.000           -5.911e-01          -1.740e+01             176.126          -6.826e-01             156.437           2.633e+01     
  73.000           0.000           -8.758e-01          -1.747e+01             175.903          -9.720e-01             156.989           2.646e+01     
  74.000           0.000           -1.164e+00          -1.755e+01             175.538          -1.265e+00             157.531           2.667e+01     
  75.000           0.000           -1.455e+00          -1.764e+01             175.032          -1.561e+00             158.065           2.697e+01     
  76.000           0.000           -1.749e+00          -1.774e+01             174.387          -1.860e+00             158.593           2.739e+01     
  77.000           0.000           -2.045e+00          -1.785e+01             173.602          -2.161e+00             159.117           2.794e+01     
  78.000           0.000           -2.344e+00          -1.796e+01             172.679          -2.465e+00             159.640           2.866e+01     
  79.000           0.000           -2.644e+00          -1.807e+01             171.619          -2.771e+00             160.164           2.959e+01     
  80.000           0.000           -2.946e+00          -1.819e+01             170.420          -3.078e+00             160.692           3.082e+01     
  81.000           0.000           -3.249e+00          -1.831e+01             169.086          -3.386e+00             161.227           3.248e+01     
  82.000           0.000           -3.552e+00          -1.844e+01             167.618          -3.696e+00             161.773           3.487e+01     
  83.000           0.000           -3.856e+00          -1.856e+01             166.018          -4.005e+00             162.333           3.869e+01     
  84.000           0.000           -4.159e+00          -1.867e+01             164.289          -4.315e+00             162.911           4.000e+01     
  85.000           0.000           -4.461e+00          -1.879e+01             162.437          -4.624e+00             163.512           4.000e+01     
  86.000           0.000           -4.761e+00          -1.889e+01             160.467          -4.932e+00             164.139           3.817e+01     
  87.000           0.000           -5.060e+00          -1.899e+01             158.387          -5.239e+00             164.797           3.315e+01     
  88.000           0.000           -5.355e+00          -1.908e+01             156.205          -5.543e+00             165.492           2.975e+01     
  89.000           0.000           -5.646e+00          -1.916e+01             153.931          -5.844e+00             166.228           2.713e+01     
  90.000           0.000           -5.932e+00          -1.923e+01             151.576          -6.141e+00             167.010           2.498e+01     
  91.000           0.000           -6.213e+00          -1.928e+01             149.154          -6.433e+00             167.843           2.313e+01     
  92.000           0.000           -6.487e+00          -1.933e+01             146.677          -6.719e+00             168.733           2.152e+01     
  93.000           0.000           -6.752e+00          -1.936e+01             144.160          -6.997e+00             169.685           2.008e+01     
  94.000           0.000           -7.008e+00          -1.937e+01             141.615          -7.268e+00             170.702           1.877e+01     
  95.000           0.000           -7.253e+00          -1.938e+01             139.058          -7.528e+00             171.789           1.759e+01     
  96.000           0.000           -7.485e+00          -1.937e+01             136.500          -7.777e+00             172.948           1.650e+01     
  97.000           0.000           -7.704e+00          -1.935e+01             133.955          -8.012e+00             174.181           1.551e+01     
  98.000           0.000           -7.907e+00          -1.932e+01             131.432          -8.233e+00             175.490           1.460e+01     
  99.000           0.000           -8.093e+00          -1.928e+01             128.941          -8.437e+00             176.873           1.376e+01     
 100.000           0.000           -8.261e+00          -1.924e+01             126.490          -8.622e+00             178.327           1.301e+01     
 101.000           0.000           -8.408e+00          -1.920e+01             124.083          -8.786e+00             179.847           1.233e+01     
 102.000           0.000           -8.534e+00          -1.915e+01             121.724          -8.929e+00             181.427           1.172e+01     
 103.000           0.000           -8.638e+00          -1.910e+01             119.416          -9.047e+00             183.057           1.119e+01     
 104.000           0.000           -8.719e+00          -1.906e+01             117.159          -9.140e+00             184.726           1.074e+01     
 105.000           0.000           -8.776e+00          -1.902e+01             114.951          -9.207e+00             186.421           1.037e+01     
 106.000           0.000           -8.809e+00          -1.899e+01             112.790          -9.247e+00             188.127           1.009e+01     
 107.000           0.000           -8.818e+00          -1.896e+01             110.671          -9.260e+00             189.829           9.895e+00     
 108.000           0.000           -8.804e+00          -1.895e+01             108.590          -9.246e+00             191.510           9.785e+00     
 109.000           0.000           -8.767e+00          -1.895e+01             106.539          -9.205e+00             193.155           9.762e+00     
 110.000           0.000           -8.709e+00          -1.896e+01             104.511          -9.139e+00             194.748           9.824e+00     
 111.000           0.000           -8.630e+00          -1.899e+01             102.497          -9.049e+00             196.275           9.968e+00     
 112.000           0.000           -8.533e+00          -1.905e+01             100.486          -8.938e+00             197.723           1.019e+01     
 113.000           0.000           -8.420e+00          -1.912e+01              98.466          -8.806e+00             199.081           1.049e+01     
 114.000           0.000           -8.291e+00          -1.921e+01              96.423          -8.657e+00             200.343           1.086e+01     
 115.000           0.000           -8.148e+00          -1.933e+01              94.343          -8.492e+00             201.500           1.130e+01     
 116.000           0.000           -7.995e+00          -1.948e+01              92.207          -8.315e+00             202.548           1.181e+01     
 117.000           0.000           -7.832e+00          -1.965e+01              89.995          -8.127e+00             203.485           1.238e+01     
 118.000           0.000           -7.662e+00          -1.986e+01              87.681          -7.932e+00             204.310           1.302e+01     
 119.000           0.000           -7.486e+00          -2.010e+01              85.237          -7.730e+00             205.023           1.373e+01     
 120.000           0.000           -7.305e+00          -2.037e+01              82.628          -7.525e+00             205.626           1.451e+01     
 121.000           0.000           -7.123e+00          -2.069e+01              79.814          -7.318e+00             206.121           1.539e+01     
 122.000           0.000           -6.939e+00          -2.103e+01              76.743          -7.112e+00             206.512           1.635e+01     
 123.000           0.000           -6.756e+00          -2.142e+01              73.356          -6.907e+00             206.801           1.744e+01     
 124.000           0.000           -6.575e+00          -2.184e+01              69.579          -6.706e+00             206.992           1.867e+01     
 125.000           0.000           -6.396e+00          -2.230e+01              65.329          -6.510e+00             207.090           2.010e+01     
 126.000           0.000           -6.222e+00          -2.277e+01              60.506          -6.319e+00             207.097           2.177e+01     
 127.000           0.000           -6.053e+00          -2.326e+01              55.007          -6.137e+00             207.018           2.383e+01     
 128.000           0.000           -5.890e+00          -2.374e+01              48.734          -5.962e+00             206.855           2.647e+01     
 129.000           0.000           -5.734e+00          -2.417e+01              41.620          -5.797e+00             206.612           3.023e+01     
 130.000           0.000           -5.586e+00          -2.452e+01              33.670          -5.642e+00             206.291           3.682e+01     
 131.000           0.000           -5.447e+00          -2.475e+01              25.003          -5.498e+00             205.895           4.000e+01     
 132.000           0.000           -5.317e+00          -2.481e+01              15.880          -5.366e+00             205.426           3.514e+01     
 133.000           0.000           -5.197e+00          -2.468e+01               6.672          -5.247e+00             204.884           2.963e+01     
 134.000           0.000           -5.088e+00          -2.438e+01             357.778          -5.140e+00             204.272           2.634e+01     
 135.000           0.000           -4.990e+00          -2.394e+01             349.520          -5.046e+00             203.590           2.400e+01     
 136.000           0.000           -4.904e+00          -2.339e+01             342.090          -4.966e+00             202.839           2.220e+01     
 137.000           0.000           -4.830e+00          -2.279e+01             335.543          -4.900e+00             202.018           2.075e+01     
 138.000           0.000           -4.769e+00          -2.217e+01             329.844          -4.848e+00             201.126           1.954e+01     
 139.000           0.000           -4.720e+00          -2.156e+01             324.906          -4.811e+00             200.164           1.852e+01     
 140.000           0.000           -4.685e+00          -2.098e+01             320.625          -4.788e+00             199.130           1.763e+01     
 141.000           0.000           -4.664e+00          -2.044e+01             316.901          -4.780e+00             198.023           1.687e+01     
 142.000           0.000           -4.656e+00          -1.995e+01             313.642          -4.786e+00             196.841           1.620e+01     
 143.000           0.000           -4.661e+00          -1.951e+01             310.768          -4.806e+00             195.582           1.562e+01     
 144.000           0.000           -4.681e+00          -1.913e+01             308.214          -4.840e+00             194.244           1.512e+01     
 145.000           0.000           -4.714e+00          -1.880e+01             305.924          -4.887e+00             192.824           1.469e+01     
 146.000           0.000           -4.761e+00          -1.853e+01             303.853          -4.947e+00             191.322           1.433e+01     
 147.000           0.000           -4.820e+00          -1.833e+01             301.961          -5.019e+00             189.734           1.404e+01     
 148.000           0.000           -4.893e+00          -1.818e+01             300.217          -5.101e+00             188.059           1.381e+01     
 149.000           0.000           -4.977e+00          -1.810e+01             298.590          -5.193e+00             186.295           1.365e+01     
 150.000           0.000           -5.072e+00          -1.809e+01             297.056          -5.295e+00             184.441           1.356e+01     
 151.000           0.000           -5.178e+00          -1.814e+01             295.591          -5.403e+00             182.499           1.354e+01     
 152.000           0.000           -5.292e+00          -1.826e+01             294.172          -5.517e+00             180.469           1.359e+01     
 153.000           0.000           -5.413e+00          -1.846e+01             292.775          -5.634e+00             178.352           1.372e+01     
 154.000           0.000           -5.541e+00          -1.874e+01             291.375          -5.754e+00             176.154           1.394e+01     
 155.000           0.000           -5.672e+00          -1.910e+01             289.943          -5.873e+00             173.879           1.424e+01     
 156.000           0.000           -5.804e+00          -1.956e+01             288.442          -5.991e+00             171.535           1.465e+01     
 157.000           0.000           -5.936e+00          -2.013e+01             286.827          -6.105e+00             169.131           1.516e+01     
 158.000           0.000           -6.065e+00          -2.082e+01             285.033          -6.213e+00             166.678           1.579e+01     
 159.000           0.000           -6.188e+00          -2.166e+01             282.968          -6.313e+00             164.189           1.655e+01     
 160.000           0.000           -6.302e+00          -2.266e+01             280.488          -6.404e+00             161.676           1.745e+01     
 161.000           0.000           -6.406e+00          -2.387e+01             277.361          -6.485e+00             159.158           1.852e+01     
 162.000           0.000           -6.497e+00          -2.533e+01             273.176          -6.555e+00             156.650           1.977e+01     
 163.000           0.000           -6.574e+00          -2.712e+01             267.158          -6.612e+00             154.167           2.124e+01     
 164.000           0.000           -6.633e+00          -2.929e+01             257.726          -6.657e+00             151.726           2.298e+01     
 165.000           0.000           -6.676e+00          -3.174e+01             241.644          -6.690e+00             149.341           2.505e+01     
 166.000           0.000           -6.701e+00          -3.362e+01             214.688          -6.710e+00             147.025           2.759e+01     
 167.000           0.000           -6.709e+00          -3.322e+01             182.394          -6.719e+00             144.789           3.081e+01     
 168.000           0.000           -6.701e+00          -3.104e+01             159.225          -6.717e+00             142.642           3.525e+01     
 169.000           0.000           -6.678e+00          -2.871e+01             145.884          -6.705e+00             140.589           4.000e+01     
 170.000           0.000           -6.640e+00          -2.674e+01             137.974          -6.683e+00             138.633           4.000e+01     
 171.000           0.000           -6.592e+00          -2.513e+01             132.883          -6.653e+00             136.777           4.000e+01     
 172.000           0.000           -6.534e+00          -2.383e+01             129.375          -6.615e+00             135.018           3.752e+01     
 173.000           0.000           -6.468e+00          -2.278e+01             126.825          -6.571e+00             133.351           3.530e+01     
 174.000           0.000           -6.396e+00          -2.193e+01             124.895          -6.520e+00             131.772           3.409e+01     
 175.000           0.000           -6.321e+00          -2.125e+01             123.393          -6.463e+00             130.271           3.350e+01     
 176.000           0.000           -6.243e+00          -2.072e+01             122.198          -6.401e+00             128.839           3.337e+01     
 177.000           0.000           -6.164e+00          -2.032e+01             121.234          -6.334e+00             127.467           3.361e+01     
 178.000           0.000           -6.085e+00          -2.005e+01             120.450          -6.263e+00             126.143           3.421e+01     
 179.000           0.000           -6.006e+00          -1.989e+01             119.812          -6.187e+00             124.856           3.519e+01     
 180.000           0.000           -5.926e+00          -1.985e+01             119.294          -6.106e+00             123.592           3.661e+01     
 179.000         180.000           -5.848e+00          -1.992e+01             298.880          -6.021e+00             302.345           3.862e+01     
 178.000         180.000           -5.769e+00          -2.010e+01             298.560          -5.933e+00             301.100           4.000e+01     
 177.000         180.000           -5.690e+00          -2.040e+01             298.328          -5.840e+00             299.848           4.000e+01     
 176.000         180.000           -5.610e+00          -2.082e+01             298.181          -5.743e+00             298.581           4.000e+01     
 175.000         180.000           -5.528e+00          -2.139e+01             298.121          -5.642e+00             297.290           4.000e+01     
 174.000         180.000           -5.443e+00          -2.211e+01             298.158          -5.537e+00             295.969           4.000e+01     
 173.000         180.000           -5.353e+00          -2.303e+01             298.309          -5.428e+00             294.614           4.000e+01     
 172.000         180.000           -5.260e+00          -2.417e+01             298.607          -5.316e+00             293.220           3.951e+01     
 171.000         180.000           -5.160e+00          -2.562e+01             299.116          -5.200e+00             291.787           3.838e+01     
 170.000         180.000           -5.055e+00          -2.749e+01             299.970          -5.080e+00             290.314           3.796e+01     
 169.000         180.000           -4.944e+00          -3.001e+01             301.483          -4.957e+00             288.802           3.825e+01     
 168.000         180.000           -4.826e+00          -3.374e+01             304.720          -4.832e+00             287.254           3.937e+01     
 167.000         180.000           -4.702e+00          -4.046e+01             315.677          -4.704e+00             285.673           4.000e+01     
 166.000         180.000           -4.573e+00          -4.766e+01              64.824          -4.574e+00             284.065           4.000e+01     
 165.000         180.000           -4.440e+00          -3.679e+01             103.274          -4.442e+00             282.433           4.000e+01     
 164.000         180.000           -4.303e+00          -3.181e+01             109.156          -4.310e+00             280.785           4.000e+01     
 163.000         180.000           -4.163e+00          -2.870e+01             111.595          -4.178e+00             279.127           3.786e+01     
 162.000         180.000           -4.022e+00          -2.648e+01             113.038          -4.047e+00             277.464           3.390e+01     
 161.000         180.000           -3.882e+00          -2.478e+01             114.082          -3.917e+00             275.804           3.100e+01     
 160.000         180.000           -3.744e+00          -2.344e+01             114.942          -3.791e+00             274.151           2.873e+01     
 159.000         180.000           -3.609e+00          -2.236e+01             115.723          -3.668e+00             272.513           2.688e+01     
 158.000         180.000           -3.480e+00          -2.148e+01             116.469          -3.549e+00             270.895           2.534e+01     
 157.000         180.000           -3.357e+00          -2.076e+01             117.219          -3.436e+00             269.300           2.404e+01     
 156.000         180.000           -3.242e+00          -2.017e+01             117.993          -3.331e+00             267.733           2.293e+01     
 155.000         180.000           -3.136e+00          -1.970e+01             118.812          -3.232e+00             266.197           2.197e+01     
 154.000         180.000           -3.040e+00          -1.933e+01             119.688          -3.143e+00             264.694           2.116e+01     
 153.000         180.000           -2.955e+00          -1.905e+01             120.638          -3.063e+00             263.228           2.045e+01     
 152.000         180.000           -2.883e+00          -1.886e+01             121.674          -2.994e+00             261.799           1.986e+01     
 151.000         180.000           -2.824e+00          -1.874e+01             122.814          -2.936e+00             260.409           1.935e+01     
 150.000         180.000           -2.778e+00          -1.869e+01             124.074          -2.891e+00             259.057           1.892e+01     
 149.000         180.000           -2.747e+00          -1.871e+01             125.473          -2.858e+00             257.744           1.857e+01     
 148.000         180.000           -2.730e+00          -1.880e+01             127.036          -2.839e+00             256.469           1.829e+01     
 147.000         180.000           -2.729e+00          -1.895e+01             128.785          -2.834e+00             255.232           1.808e+01     
 146.000         180.000           -2.743e+00          -1.915e+01             130.753          -2.843e+00             254.031           1.793e+01     
 145.000         180.000           -2.772e+00          -1.941e+01             132.975          -2.867e+00             252.865           1.783e+01     
 144.000         180.000           -2.818e+00          -1.973e+01             135.495          -2.907e+00             251.732           1.780e+01     
 143.000         180.000           -2.879e+00          -2.009e+01             138.360          -2.963e+00             250.630           1.783e+01     
 142.000         180.000           -2.957e+00          -2.050e+01             141.629          -3.034e+00             249.557           1.791e+01     
 141.000         180.000           -3.050e+00          -2.094e+01             145.362          -3.122e+00             248.510           1.805e+01     
 140.000         180.000           -3.160e+00          -2.140e+01             149.625          -3.226e+00             247.488           1.826e+01     
 139.000         180.000           -3.286e+00          -2.188e+01             154.481          -3.346e+00             246.486           1.854e+01     
 138.000         180.000           -3.427e+00          -2.234e+01             159.977          -3.483e+00             245.503           1.888e+01     
 137.000         180.000           -3.584e+00          -2.277e+01             166.129          -3.637e+00             244.534           1.932e+01     
 136.000         180.000           -3.757e+00          -2.313e+01             172.901          -3.808e+00             243.577           1.984e+01     
 135.000         180.000           -3.945e+00          -2.340e+01             180.185          -3.995e+00             242.627           2.048e+01     
 134.000         180.000           -4.149e+00          -2.356e+01             187.797          -4.199e+00             241.682           2.125e+01     
 133.000         180.000           -4.367e+00          -2.359e+01             195.497          -4.419e+00             240.735           2.219e+01     
 132.000         180.000           -4.600e+00          -2.349e+01             203.034          -4.657e+00             239.782           2.337e+01     
 131.000         180.000           -4.847e+00          -2.328e+01             210.190          -4.910e+00             238.819           2.486e+01     
 130.000         180.000           -5.109e+00          -2.299e+01             216.816          -5.180e+00             237.839           2.684e+01     
 129.000         180.000           -5.384e+00          -2.264e+01             222.840          -5.466e+00             236.835           2.966e+01     
 128.000         180.000           -5.671e+00          -2.226e+01             228.252          -5.768e+00             235.801           3.431e+01     
 127.000         180.000           -5.972e+00          -2.187e+01             233.087          -6.085e+00             234.728           4.000e+01     
 126.000         180.000           -6.284e+00          -2.148e+01             237.403          -6.418e+00             233.609           3.892e+01     
 125.000         180.000           -6.608e+00          -2.111e+01             241.264          -6.765e+00             232.432           3.093e+01     
 124.000         180.000           -6.942e+00          -2.077e+01             244.739          -7.126e+00             231.188           2.659e+01     
 123.000         180.000           -7.285e+00          -2.045e+01             247.887          -7.500e+00             229.863           2.353e+01     
 122.000         180.000           -7.637e+00          -2.016e+01             250.765          -7.886e+00             228.446           2.112e+01     
 121.000         180.000           -7.995e+00          -1.991e+01             253.420          -8.284e+00             226.921           1.910e+01     
 120.000         180.000           -8.357e+00          -1.968e+01             255.894          -8.690e+00             225.272           1.736e+01     
 119.000         180.000           -8.723e+00          -1.949e+01             258.223          -9.103e+00             223.483           1.580e+01     
 118.000         180.000           -9.089e+00          -1.932e+01             260.438          -9.521e+00             221.535           1.440e+01     
 117.000         180.000           -9.452e+00          -1.919e+01             262.566          -9.940e+00             219.411           1.311e+01     
 116.000         180.000           -9.809e+00          -1.908e+01             264.631          -1.036e+01             217.094           1.192e+01     
 115.000         180.000           -1.016e+01          -1.899e+01             266.654          -1.076e+01             214.566           1.081e+01     
 114.000         180.000           -1.049e+01          -1.893e+01             268.654          -1.116e+01             211.817           9.794e+00     
 113.000         180.000           -1.080e+01          -1.890e+01             270.647          -1.153e+01             208.838           8.862e+00     
 112.000         180.000           -1.109e+01          -1.888e+01             272.649          -1.188e+01             205.631           8.028e+00     
 111.000         180.000           -1.135e+01          -1.888e+01             274.674          -1.219e+01             202.206           7.310e+00     
 110.000         180.000           -1.157e+01          -1.890e+01             276.735          -1.245e+01             198.588           6.735e+00     
 109.000         180.000           -1.175e+01          -1.893e+01             278.844          -1.267e+01             194.814           6.338e+00     
 108.000         180.000           -1.188e+01          -1.897e+01             281.012          -1.282e+01             190.935           6.153e+00     
 107.000         180.000           -1.196e+01          -1.903e+01             283.249          -1.291e+01             187.013           6.202e+00     
 106.000         180.000           -1.199e+01          -1.909e+01             285.564          -1.294e+01             183.115           6.489e+00     
 105.000         180.000           -1.197e+01          -1.916e+01             287.963          -1.290e+01             179.312           6.995e+00     
 104.000         180.000           -1.190e+01          -1.923e+01             290.453          -1.279e+01             175.667           7.692e+00     
 103.000         180.000           -1.179e+01          -1.930e+01             293.038          -1.263e+01             172.234           8.550e+00     
 102.000         180.000           -1.162e+01          -1.937e+01             295.719          -1.242e+01             169.054           9.548e+00     
 101.000         180.000           -1.142e+01          -1.944e+01             298.494          -1.217e+01             166.154           1.067e+01     
 100.000         180.000           -1.119e+01          -1.949e+01             301.360          -1.188e+01             163.547           1.191e+01     
  99.000         180.000           -1.092e+01          -1.953e+01             304.311          -1.157e+01             161.235           1.328e+01     
  98.000         180.000           -1.063e+01          -1.956e+01             307.334          -1.123e+01             159.212           1.478e+01     
  97.000         180.000           -1.032e+01          -1.957e+01             310.417          -1.087e+01             157.466           1.645e+01     
  96.000         180.000           -9.995e+00          -1.956e+01             313.543          -1.050e+01             155.979           1.831e+01     
  95.000         180.000           -9.655e+00          -1.953e+01             316.693          -1.013e+01             154.733           2.045e+01     
  94.000         180.000           -9.306e+00          -1.948e+01             319.846          -9.745e+00             153.708           2.298e+01     
  93.000         180.000           -8.949e+00          -1.940e+01             322.978          -9.359e+00             152.885           2.613e+01     
  92.000         180.000           -8.586e+00          -1.930e+01             326.069          -8.971e+00             152.243           3.046e+01     
  91.000         180.000           -8.220e+00          -1.918e+01             329.097          -8.583e+00             151.767           3.796e+01     
  90.000         180.000           -7.851e+00          -1.904e+01             332.041          -8.195e+00             151.438           4.000e+01     
  89.000         180.000           -7.480e+00          -1.888e+01             334.883          -7.807e+00             151.241           3.566e+01     
  88.000         180.000           -7.109e+00          -1.870e+01             337.610          -7.422e+00             151.163           3.089e+01     
  87.000         180.000           -6.739e+00          -1.850e+01             340.208          -7.038e+00             151.190           2.815e+01     
  86.000         180.000           -6.368e+00          -1.830e+01             342.669          -6.656e+00             151.311           2.631e+01     
  85.000         180.000           -5.999e+00          -1.808e+01             344.987          -6.277e+00             151.515           2.499e+01     
  84.000         180.000           -5.631e+00          -1.786e+01             347.157          -5.899e+00             151.794           2.400e+01     
  83.000         180.000           -5.266e+00          -1.764e+01             349.179          -5.525e+00             152.138           2.325e+01     
  82.000         180.000           -4.902e+00          -1.741e+01             351.052          -5.153e+00             152.540           2.267e+01     
  81.000         180.000           -4.540e+00          -1.718e+01             352.779          -4.783e+00             152.993           2.224e+01     
  80.000         180.000           -4.181e+00          -1.695e+01             354.361          -4.417e+00             153.492           2.191e+01     
  79.000         180.000           -3.824e+00          -1.673e+01             355.803          -4.053e+00             154.030           2.169e+01     
  78.000         180.000           -3.471e+00          -1.651e+01             357.108          -3.692e+00             154.603           2.154e+01     
  77.000         180.000           -3.120e+00          -1.629e+01             358.281          -3.335e+00             155.207           2.146e+01     
  76.000         180.000           -2.773e+00          -1.609e+01             359.326          -2.980e+00             155.837           2.145e+01     
  75.000         180.000           -2.429e+00          -1.589e+01               0.245          -2.629e+00             156.491           2.150e+01     
  74.000         180.000           -2.089e+00          -1.570e+01               1.044          -2.282e+00             157.166           2.160e+01     
  73.000         180.000           -1.752e+00          -1.553e+01               1.725          -1.939e+00             157.858           2.176e+01     
  72.000         180.000           -1.420e+00          -1.536e+01               2.292          -1.599e+00             158.566           2.197e+01     
  71.000         180.000           -1.092e+00          -1.520e+01               2.746          -1.264e+00             159.288           2.223e+01     
  70.000         180.000           -7.683e-01          -1.506e+01               3.089          -9.330e-01             160.022           2.255e+01     
  69.000         180.000           -4.493e-01          -1.493e+01               3.324          -6.068e-01             160.766           2.292e+01     
  68.000         180.000           -1.352e-01          -1.482e+01               3.450          -2.855e-01             161.521           2.335e+01     
  67.000         180.000            1.738e-01          -1.472e+01               3.467           3.067e-02             162.284           2.384e+01     
  66.000         180.000            4.774e-01          -1.463e+01               3.375           3.414e-01             163.054           2.440e+01     
  65.000         180.000            7.754e-01          -1.456e+01               3.173           6.464e-01             163.832           2.504e+01     
  64.000         180.000            1.068e+00          -1.450e+01               2.859           9.455e-01             164.618           2.576e+01     
  63.000         180.000            1.354e+00          -1.446e+01               2.431           1.238e+00             165.409           2.658e+01     
  62.000         180.000            1.633e+00          -1.444e+01               1.885           1.525e+00             166.208           2.753e+01     
  61.000         180.000            1.907e+00          -1.443e+01               1.217           1.804e+00             167.013           2.863e+01     
  60.000         180.000            2.173e+00          -1.443e+01               0.425           2.077e+00             167.827           2.992e+01     
  59.000         180.000            2.432e+00          -1.445e+01             359.500           2.343e+00             168.646           3.147e+01     
  58.000         180.000            2.684e+00          -1.449e+01             358.438           2.600e+00             169.474           3.340e+01     
  57.000         180.000            2.929e+00          -1.454e+01             357.233           2.850e+00             170.309           3.592e+01     
  56.000         180.000            3.166e+00          -1.461e+01             355.879           3.092e+00             171.154           3.953e+01     
  55.000         180.000            3.394e+00          -1.468e+01             354.369           3.326e+00             172.007           4.000e+01     
  54.000         180.000            3.615e+00          -1.477e+01             352.695           3.551e+00             172.871           4.000e+01     
  53.000         180.000            3.827e+00          -1.487e+01             350.853           3.768e+00             173.746           4.000e+01     
  52.000         180.000            4.030e+00          -1.498e+01             348.837           3.975e+00             174.633           3.898e+01     
  51.000         180.000            4.225e+00          -1.509e+01             346.642           4.174e+00             175.532           3.559e+01     
  50.000         180.000            4.411e+00          -1.521e+01             344.268           4.363e+00             176.446           3.318e+01     
  49.000         180.000            4.587e+00          -1.533e+01             341.716           4.543e+00             177.374           3.133e+01     
  48.000         180.000            4.754e+00          -1.545e+01             338.990           4.713e+00             178.318           2.984e+01     
  47.000         180.000            4.912e+00          -1.556e+01             336.099           4.873e+00             179.278           2.860e+01     
  46.000         180.000            5.060e+00          -1.566e+01             333.058           5.023e+00             180.257           2.754e+01     
  45.000         180.000            5.199e+00          -1.575e+01             329.887           5.164e+00             181.255           2.664e+01     
  44.000         180.000            5.328e+00          -1.583e+01             326.609           5.295e+00             182.273           2.586e+01     
  43.000         180.000            5.447e+00          -1.590e+01             323.254           5.415e+00             183.312           2.518e+01     
  42.000         180.000            5.557e+00          -1.594e+01             319.855           5.526e+00             184.374           2.459e+01     
  41.000         180.000            5.657e+00          -1.598e+01             316.446           5.627e+00             185.459           2.407e+01     
  40.000         180.000            5.747e+00          -1.599e+01             313.063           5.718e+00             186.568           2.363e+01     
  39.000         180.000            5.828e+00          -1.600e+01             309.741           5.800e+00             187.702           2.325e+01     
  38.000         180.000            5.900e+00          -1.599e+01             306.510           5.872e+00             188.863           2.293e+01     
  37.000         180.000            5.962e+00          -1.598e+01             303.398           5.934e+00             190.049           2.267e+01     
  36.000         180.000            6.015e+00          -1.597e+01             300.426           5.988e+00             191.263           2.246e+01     
  35.000         180.000            6.060e+00          -1.597e+01             297.612           6.033e+00             192.505           2.231e+01     
  34.000         180.000            6.096e+00          -1.597e+01             294.968           6.069e+00             193.773           2.221e+01     
  33.000         180.000            6.124e+00          -1.599e+01             292.501           6.097e+00             195.070           2.216e+01     
  32.000         180.000            6.144e+00          -1.603e+01             290.216           6.118e+00             196.393           2.217e+01     
  31.000         180.000            6.157e+00          -1.610e+01             288.112           6.131e+00             197.744           2.224e+01     
  30.000         180.000            6.163e+00          -1.621e+01             286.191           6.138e+00             199.120           2.236e+01     
  29.000         180.000            6.163e+00          -1.635e+01             284.449           6.139e+00             200.520           2.253e+01     
  28.000         180.000            6.157e+00          -1.653e+01             282.884           6.134e+00             201.943           2.277e+01     
  27.000         180.000            6.146e+00          -1.676e+01             281.495           6.123e+00             203.387           2.308e+01     
  26.000         180.000            6.130e+00          -1.705e+01             280.281           6.109e+00             204.849           2.345e+01     
  25.000         180.000            6.109e+00          -1.741e+01             279.242           6.090e+00             206.328           2.389e+01     
  24.000         180.000            6.086e+00          -1.783e+01             278.383           6.068e+00             207.820           2.441e+01     
  23.000         180.000            6.059e+00          -1.833e+01             277.714           6.043e+00             209.321           2.501e+01     
  22.000         180.000            6.030e+00          -1.893e+01             277.251           6.016e+00             210.829           2.571e+01     
  21.000         180.000            6.000e+00          -1.964e+01             277.019           5.988e+00             212.339           2.651e+01     
  20.000         180.000            5.968e+00          -2.047e+01             277.058           5.958e+00             213.850           2.742e+01     
  19.000         180.000            5.935e+00          -2.146e+01             277.444           5.927e+00             215.354           2.846e+01     
  18.000         180.000            5.903e+00          -2.264e+01             278.290           5.897e+00             216.850           2.966e+01     
  17.000         180.000            5.870e+00          -2.406e+01             279.804           5.866e+00             218.332           3.105e+01     
  16.000         180.000            5.839e+00          -2.581e+01             282.388           5.836e+00             219.799           3.268e+01     
  15.000         180.000            5.808e+00          -2.801e+01             286.897           5.806e+00             221.246           3.463e+01     
  14.000         180.000            5.778e+00          -3.086e+01             295.450           5.777e+00             222.670           3.703e+01     
  13.000         180.000            5.750e+00          -3.443e+01             314.048           5.750e+00             224.070           4.000e+01     
  12.000         180.000            5.724e+00          -3.692e+01             353.940           5.723e+00             225.443           4.000e+01     
  11.000         180.000            5.699e+00          -3.470e+01              34.550           5.698e+00             226.788           4.000e+01     
  10.000         180.000            5.675e+00          -3.128e+01              53.856           5.674e+00             228.106           4.000e+01     
   9.000         180.000            5.653e+00          -2.858e+01              62.958           5.652e+00             229.394           4.000e+01     
   8.000         180.000            5.633e+00          -2.653e+01              68.057           5.630e+00             230.656           4.000e+01     
   7.000         180.000            5.614e+00          -2.495e+01              71.344           5.610e+00             231.892           4.000e+01     
   6.000         180.000            5.596e+00          -2.371e+01              73.705           5.591e+00             233.105           3.839e+01     
   5.000         180.000            5.580e+00          -2.274e+01              75.559           5.573e+00             234.297           3.713e+01     
   4.000         180.000            5.564e+00          -2.196e+01              77.129           5.556e+00             235.473           3.619e+01     
   3.000         180.000            5.549e+00          -2.137e+01              78.549           5.540e+00             236.637           3.548e+01     
   2.000         180.000            5.535e+00          -2.092e+01              79.907           5.525e+00             237.794           3.495e+01     
   1.000         180.000            5.521e+00          -2.061e+01              81.267           5.510e+00             238.947           3.455e+01     
